1	-
2	1
3	2
4	3
5	4
6	5
7	6
8	7
9	8
10	9
11	10
12	11
13	12
14	13
15	14
16	15
17	16
18	17
19	18
20	19
21	20
22	21
23	22
24	23
25	24
26	25
27	26
28	27
29	28
30	29
31	30
32	31
33	32
34	33
35	34
36	35
37	36
38	37
39	38
40	39
41	40
42	41
43	42
44	43
45	44
-	45
46	46
47	47
48	48
49	49
50	50
51	51
52	52
53	53
54	54
55	55
56	56
57	57
58	58
59	59
60	60
61	61
62	62
63	63
64	64
65	65
66	66
67	67
68	68
69	69
70	70
71	71
72	72
73	73
74	74
75	75
76	76
77	77
-	78
78	79
79	80
80	81
81	82
82	83
83	84
84	85
-	86
85	87
86	88
87	89
88	90
89	91
90	92
91	93
92	94
93	95
94	96
95	97
96	98
97	99
98	100
99	101
100	102
101	103
102	104
103	105
104	106
105	107
106	108
107	109
108	110
109	111
110	112
111	113
112	114
113	115
114	116
115	117
116	118
117	119
-	120
118	121
119	122
120	123
121	124
122	125
123	126
124	127
125	128
126	129
127	130
128	131
129	132
130	133
131	134
132	135
133	136
-	137
134	138
135	139
136	140
137	141
138	142
139	143
140	144
141	145
142	146
143	147
144	148
145	149
146	150
147	151
148	152
149	153
150	-
151	-
152	-
153	-
154	154
155	155
156	156
157	157
158	158
159	159
160	160
161	161
162	162
163	163
164	164
165	165
166	166
167	167
168	168
169	169
170	170
171	171
172	172
173	173
174	174
175	175
176	176
177	177
178	178
179	179
180	180
181	181
182	182
183	183
184	184
185	185
186	186
187	187
188	188
189	189
190	190
191	191
192	192
193	193
194	194
195	195
196	196
197	197
198	198
199	199
200	200
201	201
202	202
203	203
204	204
205	205
206	206
207	207
208	208
209	209
210	210
211	211
212	212
213	213
214	214
215	215
216	216
217	217
218	218
219	219
220	220
221	221
222	222
223	223
224	224
225	225
226	226
227	227
228	228
229	229
230	230
231	231
232	232
233	233
234	234
235	235
236	236
237	237
238	238
239	239
240	240
241	241
242	242
243	243
244	244
245	245
246	246
247	247
248	248
249	249
250	250
251	251
252	252
253	253
254	254
255	255
256	256
257	257
-	258
-	259
258	260
259	261
260	262
261	263
262	264
-	265
263	266
264	267
265	268
266	269
267	270
268	271
269	272
270	-
271	273
272	274
273	275
274	276
275	277
276	278
277	279
278	280
279	281
280	282
281	283
282	284
283	285
284	286
285	287
286	288
287	289
288	290
289	291
290	292
291	293
292	294
293	295
294	296
295	297
296	298
297	299
298	300
299	301
300	302
301	303
302	304
303	305
304	306
305	307
306	308
307	309
308	310
309	311
310	312
311	313
312	314
313	315
314	316
315	317
316	318
317	319
318	320
319	321
-	322
