1	10
2	11
3	12
4	13
5	14
6	15
7	16
8	17
9	18
10	19
11	20
12	21
13	22
14	23
15	24
16	25
17	26
18	27
19	28
20	29
21	30
22	31
23	32
24	33
25	34
26	35
27	36
28	37
29	38
30	39
31	40
32	41
33	42
34	43
35	44
36	45
37	46
38	47
39	48
40	49
41	50
42	51
43	52
44	53
45	54
46	55
47	56
48	57
49	58
50	59
51	60
52	61
53	62
54	63
55	64
56	65
57	66
58	67
59	68
60	69
61	70
62	71
63	72
64	73
65	74
66	75
67	76
68	77
69	78
70	79
71	80
72	81
73	82
74	83
75	84
76	85
77	86
78	87
79	88
80	89
81	90
82	91
83	92
84	93
85	94
86	95
87	96
88	97
89	98
90	99
91	100
92	101
93	102
94	103
95	104
96	105
97	106
98	107
99	108
100	109
101	110
102	111
103	112
104	113
105	114
106	115
107	116
108	117
109	118
110	119
111	120
112	121
113	122
114	123
115	124
116	125
117	126
118	127
119	128
120	-
121	129
122	130
123	131
124	132
125	133
126	134
127	135
128	136
129	137
130	138
131	139
132	140
133	141
134	142
135	143
136	144
137	145
138	146
139	147
140	148
141	149
142	150
143	151
144	152
145	153
146	154
147	155
148	156
149	157
150	158
151	-
152	-
153	159
154	160
155	161
156	162
157	163
158	164
159	165
160	166
161	167
162	168
163	169
164	170
165	171
166	172
167	173
168	174
169	175
170	176
171	177
172	178
173	179
174	180
175	181
176	182
177	183
178	184
179	185
180	186
181	187
182	188
183	189
184	190
185	191
186	192
187	193
188	194
189	195
190	196
191	197
192	198
193	199
194	200
195	201
196	202
197	203
198	204
199	205
200	206
201	207
202	208
203	209
204	210
205	211
206	212
207	213
208	214
209	215
210	216
211	217
212	218
213	219
214	220
215	221
216	222
217	223
218	224
219	225
220	226
221	227
222	228
223	229
224	230
225	231
226	232
227	233
228	234
229	235
230	236
231	237
232	238
233	239
234	240
235	241
236	242
237	243
238	244
239	245
240	246
241	247
242	248
243	249
244	250
245	251
246	252
247	253
248	254
249	255
250	256
251	257
252	258
253	259
254	260
255	261
256	262
257	263
-	264
258	265
259	266
260	267
261	268
262	269
263	270
264	271
265	272
266	273
267	274
268	275
269	276
270	277
271	-
272	278
273	279
274	280
275	281
276	282
277	283
278	284
279	285
280	286
281	287
282	288
283	289
284	290
285	291
286	292
287	293
288	294
289	295
290	296
291	297
292	298
293	299
294	300
295	301
296	302
297	303
298	304
299	305
300	306
301	307
302	308
303	309
304	310
305	311
306	312
307	313
308	314
309	315
310	316
311	317
312	318
313	319
314	320
315	321
316	322
317	323
318	324
319	325
-	326
