1	-
2	1
3	2
4	3
5	4
6	5
7	6
8	7
9	8
10	9
11	10
12	11
13	12
14	13
15	14
16	15
17	16
18	17
19	18
20	19
21	20
22	21
23	22
24	23
25	24
26	25
27	26
28	27
29	28
30	29
31	30
32	31
33	32
34	33
35	34
36	35
37	36
38	37
39	38
40	39
41	40
42	41
43	42
44	43
45	44
-	45
46	46
47	47
48	48
49	49
50	50
51	51
52	52
53	53
54	54
55	55
56	56
57	57
58	58
59	59
60	60
61	61
62	62
63	63
64	64
65	65
66	66
67	67
68	68
69	69
70	70
71	71
-	72
72	73
73	74
74	75
75	76
76	77
77	78
78	79
79	80
80	81
81	82
82	83
83	84
84	85
-	86
85	87
86	88
87	89
88	90
89	91
90	92
91	93
92	94
93	95
94	96
95	97
96	98
97	99
98	100
99	101
100	102
101	103
102	104
103	105
104	106
105	107
106	108
107	109
108	110
109	111
110	112
111	113
112	114
113	115
114	116
115	117
116	118
-	119
-	120
117	121
118	122
119	123
120	124
121	-
122	125
123	126
124	127
125	128
-	129
126	130
127	131
128	132
129	133
130	134
131	135
132	136
133	137
134	138
135	139
136	140
137	141
138	142
139	143
140	144
141	145
142	146
143	147
144	148
145	149
146	150
147	151
148	152
149	153
150	154
151	155
152	-
153	156
154	157
155	158
156	159
157	160
158	161
159	162
160	163
161	164
162	165
163	166
164	167
165	168
166	169
167	170
168	171
169	172
170	173
171	174
172	175
173	176
174	177
175	178
176	179
177	180
178	181
179	182
180	183
181	184
182	185
183	186
184	187
185	188
186	189
187	190
188	191
189	192
190	193
191	194
192	195
193	196
194	197
195	198
196	199
197	200
198	201
199	202
200	203
201	204
202	205
203	206
204	207
205	208
206	209
207	210
208	211
209	212
210	213
211	214
212	215
213	216
214	217
215	218
216	219
217	220
218	221
219	222
220	223
221	224
222	225
223	226
224	227
225	228
226	229
227	230
228	231
229	232
230	233
231	234
232	235
233	236
234	237
235	238
236	239
237	240
238	241
239	242
240	243
241	244
242	245
243	246
244	247
245	248
246	249
247	250
248	251
249	252
250	253
251	254
252	255
253	256
254	257
255	258
256	259
257	260
-	261
-	262
-	263
258	264
259	265
260	266
261	267
262	268
263	269
264	270
265	271
266	272
267	273
268	274
269	275
270	276
271	277
272	278
273	279
274	280
275	281
276	282
277	283
278	-
279	284
280	285
281	286
282	287
283	288
284	289
285	290
286	291
287	292
288	293
289	294
290	295
291	296
292	297
293	298
294	299
295	300
296	301
297	302
298	303
299	304
300	305
301	306
302	307
303	308
304	309
305	310
306	311
307	312
308	313
309	314
310	315
311	316
312	317
313	318
314	319
315	320
316	321
317	322
318	323
319	324
