-	8
-	9
1	10
2	11
3	12
4	13
5	14
6	15
7	16
8	17
9	18
10	19
11	20
12	21
13	22
14	23
15	24
16	25
17	26
18	27
19	28
20	29
21	30
22	31
23	32
24	33
25	34
26	35
27	36
28	37
29	38
30	39
31	40
32	41
33	42
34	43
35	44
36	45
37	46
38	47
39	48
40	49
41	50
42	51
43	52
44	53
45	54
46	-
47	55
48	56
49	57
50	58
51	59
52	60
53	61
54	62
55	63
56	64
57	65
58	66
59	67
60	68
61	69
62	70
63	71
64	72
65	73
66	74
67	75
68	76
69	77
70	78
71	79
72	80
73	81
74	-
75	82
76	83
77	84
78	85
79	86
80	87
81	88
82	89
83	90
84	91
85	92
86	93
87	94
88	95
89	-
90	96
91	97
92	98
93	99
94	100
95	101
96	102
97	103
98	104
99	105
100	106
101	107
102	108
103	109
104	110
105	111
106	112
107	113
108	114
109	115
110	116
111	117
112	118
113	119
114	120
115	121
116	122
117	123
118	124
119	-
120	-
121	125
122	126
123	127
124	128
125	129
126	130
127	131
128	132
129	-
130	133
131	134
132	135
133	136
134	137
135	138
136	139
137	140
138	141
139	142
140	143
141	144
142	145
143	146
144	147
145	148
146	149
147	150
148	151
149	152
150	153
151	154
152	155
153	156
154	157
-	158
155	159
156	160
157	161
158	162
159	163
160	164
161	165
162	166
163	167
164	168
165	169
166	170
167	171
168	172
169	173
170	174
171	175
172	176
173	177
174	178
175	179
176	180
177	181
178	182
179	183
180	184
181	185
182	186
183	187
184	188
185	189
186	190
187	191
188	192
189	193
190	194
191	195
192	196
193	197
194	198
195	199
196	200
197	201
198	202
199	203
200	204
201	205
202	206
203	207
204	208
205	209
206	210
207	211
208	212
209	213
210	214
211	215
212	216
213	217
214	218
215	219
216	220
217	221
218	222
219	223
220	224
221	225
222	226
223	227
224	228
225	229
226	230
227	231
228	232
229	233
230	234
231	235
232	236
233	237
234	238
235	239
236	240
237	241
238	242
239	243
240	244
241	245
242	246
243	247
244	248
245	249
246	250
247	251
248	252
249	253
250	254
251	255
252	256
253	257
254	258
255	259
256	260
257	261
258	262
259	263
260	264
261	265
262	266
263	267
264	268
265	269
266	270
267	271
268	272
269	273
270	274
271	275
272	276
273	277
274	278
275	279
276	280
277	281
278	282
279	283
280	284
281	285
282	286
283	287
284	288
285	289
286	290
287	291
288	292
289	293
290	294
291	295
292	296
293	297
294	298
295	299
296	300
297	301
298	302
299	303
300	304
301	305
302	306
303	307
304	308
305	309
306	310
307	311
308	312
309	313
310	314
311	315
312	316
313	317
314	318
315	319
316	320
317	321
318	322
319	323
320	324
-	325
321	326
