1	1
2	2
3	3
4	4
5	5
6	6
7	7
8	8
9	9
10	10
11	11
12	12
13	13
14	14
15	15
16	16
17	17
18	18
19	19
20	20
21	21
22	22
23	23
24	24
25	25
26	26
27	27
28	28
29	29
30	30
31	31
32	32
33	33
34	34
35	35
36	36
37	37
38	38
39	39
40	40
41	41
42	42
43	43
44	44
45	-
46	45
47	46
48	47
49	48
50	49
51	50
52	51
53	52
54	53
55	54
56	55
57	56
58	57
59	58
60	59
61	60
62	61
63	62
64	63
65	64
66	65
67	66
68	67
69	68
70	69
71	70
72	71
73	72
74	73
75	74
76	75
77	76
78	-
79	77
80	78
81	79
82	80
83	81
84	82
85	83
86	-
87	84
88	85
89	86
90	87
91	88
92	89
93	90
94	91
95	92
96	93
97	94
98	95
99	96
100	97
101	98
102	99
103	100
104	101
105	102
106	103
107	104
108	105
109	106
110	107
111	108
112	109
113	110
114	111
115	112
116	113
117	114
118	115
119	-
120	-
121	116
122	117
123	118
124	119
125	120
126	121
127	122
128	123
129	-
130	124
131	125
132	126
133	127
134	128
135	129
136	130
137	131
138	132
139	-
140	133
141	134
142	135
143	136
144	137
145	138
146	139
147	140
148	141
149	142
150	143
151	144
152	145
153	146
154	147
-	148
-	149
155	150
156	151
157	152
158	153
159	154
160	155
161	156
162	157
163	158
164	159
165	160
166	161
167	162
168	163
169	164
170	165
171	166
172	167
173	168
174	169
175	170
176	171
177	172
178	173
179	174
180	175
181	176
182	177
183	178
184	179
185	180
186	181
187	182
188	183
189	184
190	185
191	186
192	187
193	188
194	189
195	190
196	191
197	192
198	193
199	194
200	195
201	196
202	197
203	198
204	199
205	200
206	201
207	202
208	203
209	204
210	205
211	206
212	207
213	208
214	209
215	210
216	211
217	212
218	213
219	214
220	215
221	216
222	217
223	218
224	219
225	220
226	221
227	222
228	223
229	224
230	225
231	226
232	227
233	228
234	229
235	230
236	231
237	232
238	233
239	234
240	235
241	236
242	237
243	238
244	239
245	240
246	241
247	242
248	243
249	244
250	245
251	246
252	247
253	248
254	249
255	250
256	251
257	252
258	253
259	254
260	255
261	-
262	256
263	257
264	258
265	259
266	-
267	260
268	261
269	262
270	263
271	264
272	265
273	266
-	267
274	268
275	269
276	270
277	271
278	272
279	273
280	274
281	275
282	276
283	277
284	278
285	279
286	280
287	281
288	282
289	283
290	284
291	285
292	286
293	287
294	288
295	289
296	290
297	291
298	292
299	293
300	294
301	295
302	296
303	297
304	298
305	299
306	300
307	301
308	302
309	303
310	304
311	305
312	306
313	307
314	308
315	309
316	310
317	311
318	312
319	313
320	314
321	315
