1	11
2	12
3	13
4	14
5	15
6	16
7	17
8	18
9	19
10	20
11	21
12	22
13	23
14	24
15	25
16	26
17	27
18	28
19	29
20	30
21	31
22	32
23	33
24	34
25	35
26	36
27	37
28	38
29	39
30	40
31	41
32	42
33	43
34	44
35	45
36	46
37	47
38	48
39	49
40	50
41	51
42	52
43	53
44	54
45	-
46	55
47	56
48	57
49	58
50	59
51	60
52	61
53	62
54	63
55	64
56	65
57	66
58	67
59	68
60	69
61	70
62	71
63	72
64	73
65	74
66	75
67	76
68	77
69	78
70	79
71	80
72	81
73	82
74	83
75	-
76	84
77	85
78	86
79	87
80	88
81	89
82	90
83	91
84	92
85	93
86	94
87	95
88	96
89	-
90	97
91	98
92	99
93	100
94	101
95	102
96	103
97	104
98	105
99	106
100	107
101	108
102	109
103	110
104	111
105	112
106	113
107	114
108	115
109	116
110	117
111	118
112	119
113	120
114	121
115	122
116	-
117	123
118	124
119	125
120	-
121	126
122	127
123	128
124	129
125	130
126	131
-	132
127	133
128	134
129	135
130	136
131	137
132	138
133	139
134	140
135	141
136	-
137	142
138	143
139	144
140	145
141	146
142	147
143	148
144	149
145	150
146	151
147	152
148	153
149	154
150	155
151	156
152	157
153	158
154	159
155	160
156	161
157	162
158	163
159	164
160	165
161	166
162	167
163	168
164	169
165	170
166	171
167	172
168	173
169	174
170	175
171	176
172	177
173	178
174	179
175	180
176	181
177	182
178	183
179	184
180	185
181	186
182	187
183	188
184	189
185	190
186	191
187	192
188	193
189	194
190	195
191	196
192	197
193	198
194	199
195	200
196	201
197	202
198	203
199	204
200	205
201	206
202	207
203	208
204	209
205	210
206	211
207	212
208	213
209	214
210	215
211	216
212	217
213	218
214	219
215	220
216	221
217	222
218	223
219	224
220	225
221	226
222	227
223	228
224	229
225	230
226	231
227	232
228	233
229	234
230	235
231	236
232	237
233	238
234	239
235	240
236	241
237	242
238	243
239	244
240	245
241	246
242	247
243	248
244	249
245	250
246	251
247	252
248	253
249	254
250	255
251	256
252	257
253	258
254	259
255	260
256	261
257	262
258	263
259	264
260	265
261	266
262	267
263	268
264	269
265	-
266	270
267	271
268	272
269	273
270	274
271	275
272	276
273	277
274	278
275	279
276	280
277	281
278	282
279	283
280	284
281	285
282	286
283	287
284	288
285	289
286	290
287	291
288	292
289	293
290	294
291	295
292	296
293	297
294	298
295	299
296	300
297	301
298	302
299	303
300	304
301	305
302	306
303	307
304	308
305	309
306	310
307	311
308	312
309	313
310	314
311	315
312	316
313	317
314	318
315	319
316	320
317	321
318	322
319	323
320	324
321	325
322	326
