1	1
2	2
3	3
4	4
5	5
6	6
7	7
8	8
9	9
10	10
11	11
12	12
13	13
14	14
15	15
16	16
17	17
18	18
19	19
20	20
21	21
22	22
23	23
24	24
25	25
26	26
27	27
28	28
29	29
30	30
31	31
32	32
33	33
34	34
35	35
36	36
37	37
38	38
39	39
40	40
41	41
42	42
43	43
44	44
45	45
46	46
47	47
48	48
49	-
50	49
51	50
52	51
53	52
54	53
55	54
56	55
57	56
58	57
59	58
60	59
61	60
62	61
63	62
64	63
65	64
66	65
67	66
68	67
69	68
70	69
71	70
72	71
73	72
74	73
75	74
76	75
77	76
78	77
79	78
80	79
81	80
82	81
83	-
84	82
85	83
86	-
87	84
88	85
89	86
90	87
91	88
92	89
93	90
94	91
95	92
96	93
97	94
98	95
99	96
100	97
101	98
102	99
103	100
104	101
105	102
106	103
107	104
108	105
109	106
110	107
111	108
112	109
113	110
114	111
115	112
116	113
117	114
118	115
119	-
120	-
121	116
122	117
123	118
124	119
125	120
126	121
-	122
127	123
128	124
129	125
130	126
131	127
132	128
133	129
134	130
135	131
136	-
137	132
138	-
139	133
140	134
141	135
142	136
143	137
144	138
145	139
146	140
147	141
148	142
149	143
150	144
151	145
152	146
153	147
-	148
-	149
154	150
155	151
156	152
157	153
158	154
159	155
160	156
161	157
162	158
163	159
164	160
165	161
166	162
167	163
168	164
169	165
170	166
171	167
172	168
173	169
174	170
175	171
176	172
177	173
178	174
179	175
180	176
181	177
182	178
183	179
184	180
185	181
186	182
187	183
188	184
189	185
190	186
191	187
192	188
193	189
194	190
195	191
196	192
197	193
198	194
199	195
200	196
201	197
202	198
203	199
204	200
205	201
206	202
207	203
208	204
209	205
210	206
211	207
212	208
213	209
214	210
215	211
216	212
217	213
218	214
219	215
220	216
221	217
222	218
223	219
224	220
225	221
226	222
227	223
228	224
229	225
230	226
231	227
232	228
233	229
234	230
235	231
236	232
237	233
238	234
239	235
240	236
241	237
242	238
243	239
244	240
245	241
246	242
247	243
248	244
249	245
250	246
251	247
252	248
253	249
254	250
255	251
-	252
256	253
257	254
-	255
-	256
-	257
-	258
-	259
-	260
-	261
-	262
258	263
259	264
260	265
261	266
262	267
263	268
264	269
265	-
266	270
267	271
268	272
269	273
270	274
271	275
272	276
-	277
273	278
274	279
275	280
276	281
277	282
278	283
279	284
280	285
281	286
282	287
283	288
284	289
285	290
286	291
287	292
288	293
289	294
290	295
291	296
292	297
293	298
294	299
295	300
296	301
297	302
298	303
299	304
300	305
301	306
302	307
303	308
304	309
305	310
306	311
307	312
308	313
309	314
310	315
311	316
312	317
313	318
314	319
315	320
316	321
317	322
318	323
319	324
320	325
321	326
322	327
-	328
