8	-
9	-
10	1
11	2
12	3
13	4
14	5
15	6
16	7
17	8
18	9
19	10
20	11
21	12
22	13
23	14
24	15
25	16
26	17
27	18
28	19
29	20
30	21
31	22
32	23
33	24
34	25
35	26
36	27
37	28
38	29
39	30
40	31
41	32
42	33
43	34
44	35
45	36
46	37
47	38
48	39
49	40
50	41
51	42
52	43
53	44
-	45
54	46
55	47
56	48
57	49
58	50
59	51
60	52
61	53
62	54
63	55
64	56
65	57
66	58
67	59
68	60
69	61
70	62
71	63
72	64
73	65
74	66
75	67
76	68
77	69
78	70
79	71
80	72
81	73
-	74
82	75
83	76
84	77
85	78
86	79
87	80
88	81
89	82
90	83
91	84
92	85
93	86
-	87
94	88
95	89
96	90
97	91
98	92
99	93
100	94
101	95
102	96
103	97
104	98
105	99
106	100
107	101
108	102
109	103
110	104
111	105
112	106
113	107
114	108
115	109
116	110
117	111
118	112
119	113
120	114
121	115
122	116
123	117
124	118
-	119
-	120
125	121
126	122
127	123
128	124
129	125
130	126
131	127
132	128
133	129
134	130
135	131
136	132
137	133
138	134
139	135
140	136
141	137
142	138
143	139
144	140
145	141
146	142
147	143
148	144
149	145
150	146
151	147
152	148
153	149
154	150
155	151
156	152
157	-
158	-
159	-
160	153
161	154
162	155
163	156
164	157
165	158
166	159
167	160
168	161
169	162
170	163
171	164
172	165
173	166
174	167
175	168
176	169
177	170
178	171
179	172
180	173
181	174
182	175
183	176
184	177
185	178
186	179
187	180
188	181
189	182
190	183
191	184
192	185
193	186
194	187
195	188
196	189
197	190
198	191
199	192
200	193
201	194
202	195
203	196
204	197
205	198
206	199
207	200
208	201
209	202
210	203
211	204
212	205
213	206
214	207
215	208
216	209
217	210
218	211
219	212
220	213
221	214
222	215
223	216
224	217
225	218
226	219
227	220
228	221
229	222
230	223
231	224
232	225
233	226
234	227
235	228
236	229
237	230
238	231
239	232
240	233
241	234
242	235
243	236
244	237
245	238
246	239
247	240
248	241
249	242
250	243
251	244
252	245
253	246
254	247
255	248
256	249
257	250
258	251
259	252
260	253
261	254
262	255
263	256
264	257
-	258
265	259
266	260
267	261
268	262
269	263
270	264
271	265
272	266
273	267
274	268
275	269
276	270
277	271
278	272
279	273
280	274
281	275
282	276
283	277
284	278
285	279
286	280
287	281
288	282
289	283
290	284
291	285
292	286
293	287
294	288
295	289
296	290
297	291
298	292
299	293
300	294
301	295
302	296
303	297
304	298
305	299
306	300
307	301
308	302
309	303
310	304
311	305
312	306
313	307
314	308
315	309
316	310
317	311
318	312
319	313
320	314
321	315
322	316
323	317
324	318
325	319
326	-
