8	-
9	-
10	1
11	2
12	3
13	4
14	5
15	6
16	7
17	8
18	9
19	10
20	11
21	12
22	13
23	14
24	15
25	16
26	17
27	18
28	19
29	20
30	21
31	22
32	23
33	24
34	25
35	26
36	27
37	28
38	29
39	30
40	31
41	32
42	33
43	34
44	35
45	36
46	37
47	38
48	39
49	40
50	41
51	42
52	43
53	44
54	45
55	46
56	47
57	48
58	49
59	50
60	51
61	52
62	53
63	54
64	55
65	56
66	57
67	58
68	59
69	60
70	61
71	62
72	63
73	64
74	65
75	66
76	67
77	68
78	69
79	70
80	71
81	72
82	73
83	74
84	75
85	76
86	77
87	78
88	79
89	80
90	81
91	82
92	83
93	84
94	85
95	86
96	87
97	88
98	89
99	90
100	91
101	92
102	93
103	94
104	95
105	96
106	97
107	98
108	99
109	100
110	101
111	102
112	103
113	104
114	105
115	106
116	107
117	108
118	109
119	110
120	111
121	112
122	113
123	114
124	115
125	116
126	117
127	118
128	119
129	120
130	121
131	122
132	123
133	124
134	125
135	126
136	127
137	128
138	129
139	130
140	131
141	132
142	-
143	133
144	134
145	135
146	136
147	137
148	138
149	139
150	140
151	141
152	142
153	143
154	144
155	145
156	146
157	147
158	148
-	149
159	150
160	151
161	152
162	153
163	154
164	155
165	156
166	157
167	158
168	159
169	160
170	161
171	162
172	163
173	164
174	165
175	166
176	167
177	168
178	169
179	170
180	171
181	172
182	173
183	174
184	175
185	176
186	177
187	178
188	179
189	180
190	181
191	182
192	183
193	184
194	185
195	186
196	187
197	188
198	189
199	190
200	191
201	192
202	193
203	194
204	195
205	196
206	197
207	198
208	199
209	200
210	201
211	202
212	203
213	204
214	205
215	206
216	207
217	208
218	209
219	210
220	211
221	212
222	213
223	214
224	215
225	216
226	217
227	218
228	219
229	220
230	221
231	222
232	223
233	224
234	225
235	226
236	227
237	228
238	229
239	230
240	231
241	232
242	233
243	234
244	235
245	236
246	237
247	238
248	239
249	240
250	241
251	242
252	243
253	244
254	245
255	246
256	247
257	248
258	249
259	250
260	251
261	252
262	-
263	-
264	253
265	254
266	255
267	256
268	257
269	258
270	259
271	260
272	261
273	262
274	263
275	264
276	265
-	266
277	267
278	268
279	269
280	270
281	271
282	272
283	273
284	274
285	275
286	276
287	277
288	278
289	279
290	280
291	281
292	282
293	283
294	284
295	285
296	286
297	287
298	288
299	289
300	290
301	291
302	292
303	293
304	294
305	295
306	296
307	297
308	298
309	299
310	300
311	301
312	302
313	303
314	304
315	305
316	306
317	307
318	308
319	309
320	310
321	311
322	312
323	313
324	314
325	315
326	-
