8	-1
9	0
10	1
11	2
12	3
13	4
14	5
15	6
16	7
17	8
18	9
19	10
20	11
21	12
22	13
23	14
24	15
25	16
26	17
27	18
28	19
29	20
30	21
31	22
32	23
33	24
34	25
35	26
36	27
37	28
38	29
39	30
40	31
41	32
42	33
43	34
44	35
45	36
46	37
47	38
48	39
49	40
50	41
51	42
52	43
-	44
53	45
54	46
55	47
56	48
57	49
58	50
59	51
60	52
61	53
62	54
63	55
64	56
65	57
66	58
67	59
68	60
69	61
70	62
71	63
72	64
73	65
74	66
75	67
76	68
77	69
78	70
79	71
80	72
81	73
82	74
83	75
84	76
85	77
86	78
87	79
88	80
89	81
90	82
-	83
91	84
92	85
93	86
94	87
95	88
-	89
96	90
97	91
98	92
99	93
100	94
101	95
102	96
103	97
104	98
105	99
106	100
107	101
108	102
109	103
110	104
111	105
112	106
113	107
114	108
115	109
116	110
117	111
118	112
119	113
120	114
121	115
-	116
122	117
123	118
124	119
-	120
125	121
126	122
127	123
128	124
129	125
130	126
131	-
132	127
133	128
134	129
135	130
136	131
137	132
138	133
139	134
140	135
141	136
142	137
143	138
144	139
145	140
146	141
147	142
148	143
149	144
150	145
151	146
152	147
153	148
154	149
155	150
156	151
157	152
158	153
159	154
160	-
161	155
162	156
163	157
164	158
165	159
166	160
167	161
168	162
169	163
170	164
171	165
172	166
173	167
174	168
175	169
176	170
177	171
178	172
179	173
180	174
181	175
182	176
183	177
184	178
185	179
186	180
187	181
188	182
189	183
190	184
191	185
192	186
193	187
194	188
195	189
196	190
197	191
198	192
199	193
200	194
201	195
202	196
203	197
204	198
205	199
206	200
207	201
208	202
209	203
210	204
211	205
212	206
213	207
214	208
215	209
216	210
217	211
218	212
219	213
220	214
221	215
222	216
223	217
224	-
225	218
226	219
227	220
228	221
229	222
230	223
231	224
232	225
233	226
234	227
235	228
236	229
237	230
238	231
239	232
240	233
241	234
242	235
243	236
244	237
245	238
246	239
247	240
248	241
249	242
250	243
251	244
252	245
253	246
254	247
255	248
256	249
257	250
258	251
259	252
260	253
261	254
262	255
263	256
264	257
265	258
266	259
267	260
268	261
269	262
270	263
271	264
272	265
273	266
274	267
275	268
276	269
277	270
278	271
279	272
280	273
281	274
282	275
283	276
284	277
285	278
286	279
287	280
288	281
289	282
290	283
291	284
292	285
293	286
294	287
295	288
296	289
297	290
298	291
299	292
300	293
301	294
302	295
303	296
304	297
305	298
306	299
307	300
308	301
309	302
310	303
311	304
312	305
313	306
314	307
315	308
316	309
317	310
318	311
319	312
320	313
321	314
322	315
323	316
324	317
325	318
326	319
-	320
-	321
-	322
-	323
