8	-
9	-
10	1
11	2
12	3
13	4
14	5
15	6
16	7
17	8
18	9
19	10
20	11
21	12
22	13
23	14
24	15
25	16
26	17
27	18
28	19
29	20
30	21
31	22
32	23
33	24
34	25
35	26
36	27
37	28
38	29
39	30
40	31
41	32
42	33
43	34
44	35
45	36
46	37
47	38
48	39
49	40
50	41
51	42
52	43
53	44
-	45
54	46
55	47
56	48
57	49
58	50
59	51
60	52
61	53
62	54
63	55
64	56
65	57
66	58
67	59
68	60
69	61
70	62
71	63
72	64
73	65
74	66
75	67
76	68
77	69
78	70
79	71
80	72
-	73
81	74
82	75
83	76
84	77
85	78
86	79
87	80
88	81
89	82
90	83
91	84
92	85
93	86
-	87
94	88
95	89
96	90
97	91
98	92
99	93
100	94
101	95
102	96
103	97
104	98
105	99
106	100
107	101
108	102
109	103
110	104
111	105
112	106
113	107
114	108
115	109
116	110
117	111
118	112
119	113
120	114
121	115
122	116
123	117
124	118
-	119
-	120
125	121
126	122
127	123
128	124
129	125
130	126
131	127
132	128
133	129
134	130
135	131
136	132
137	133
138	134
139	135
140	136
-	137
141	138
142	139
143	140
144	141
145	142
146	143
147	144
148	145
149	146
150	147
151	148
152	149
153	150
154	151
155	152
156	153
157	-
158	-
159	-
160	154
161	155
162	156
163	157
164	158
165	159
166	160
167	161
168	162
169	163
170	164
171	165
172	166
173	167
174	168
175	169
176	170
177	171
178	172
179	173
180	174
181	175
182	176
183	177
184	178
185	179
186	180
187	181
188	182
189	183
190	184
191	185
192	186
193	187
194	188
195	189
196	190
197	191
198	192
199	193
200	194
201	195
202	196
203	197
204	198
205	199
206	200
207	201
208	202
209	203
210	204
211	205
212	206
213	207
214	208
215	209
216	210
217	211
218	212
219	213
220	214
221	215
222	216
223	217
224	218
225	219
226	220
227	221
228	222
229	223
230	224
231	225
232	226
233	227
234	228
235	229
236	230
237	231
238	232
239	233
240	234
241	235
242	236
243	237
244	238
245	239
246	240
247	241
248	242
249	243
250	244
251	245
252	246
253	247
254	248
255	249
256	250
257	251
258	252
259	253
260	254
261	255
262	256
263	257
264	258
265	259
-	260
266	261
267	262
268	263
269	264
270	265
271	266
272	267
273	268
274	269
275	270
276	271
277	272
278	273
279	274
280	275
281	276
282	277
283	278
284	279
285	280
286	281
287	282
288	283
289	284
290	285
291	286
292	287
293	288
294	289
295	290
296	291
297	292
298	293
299	294
300	295
301	296
302	297
303	298
304	299
305	300
306	301
307	302
308	303
309	304
310	305
311	306
312	307
313	308
314	309
315	310
316	311
317	312
318	313
319	314
320	315
321	316
322	317
323	318
324	319
325	320
326	321
-	322
