8	-
9	1
10	-
11	2
12	3
13	4
14	5
15	6
16	7
17	8
18	9
19	10
20	11
21	12
22	13
23	14
24	15
25	16
26	17
27	18
28	19
29	20
30	21
31	22
32	23
33	24
34	25
35	26
36	27
37	28
38	29
39	30
40	31
41	32
42	33
43	34
44	35
45	36
46	37
47	38
48	39
49	40
50	41
51	42
52	43
53	44
54	45
-	46
55	47
56	48
57	49
58	50
59	51
60	52
61	53
62	54
63	55
64	56
65	57
66	58
67	59
68	60
69	61
70	62
71	63
72	64
73	65
74	66
75	67
76	68
77	69
78	70
79	71
-	72
80	73
81	74
82	75
83	76
84	77
85	78
86	79
87	80
88	81
89	82
90	83
91	84
92	85
93	86
94	87
95	88
-	89
96	90
97	91
98	92
99	93
100	94
101	95
102	96
103	97
104	98
105	99
106	100
107	101
108	102
109	103
110	104
111	105
112	106
113	107
114	108
115	109
116	110
117	111
118	112
119	113
120	114
121	115
122	116
123	117
124	118
-	119
125	120
126	121
127	122
128	123
129	124
130	125
131	126
132	127
133	128
134	129
135	130
136	131
137	132
138	133
139	134
140	-
141	-
142	-
143	-
144	135
145	136
146	137
147	138
148	139
149	140
150	141
151	142
152	143
153	144
154	145
155	146
156	147
157	-
158	148
159	149
160	150
161	151
162	152
163	153
164	154
165	155
166	156
167	157
168	158
169	159
170	160
171	161
172	162
173	163
174	164
175	165
176	166
177	167
178	168
179	169
180	170
181	171
182	172
183	173
184	174
185	175
186	176
187	177
188	178
189	179
190	180
191	181
192	182
193	183
194	184
195	185
196	186
197	187
198	188
199	189
200	190
201	191
202	192
203	193
204	194
205	195
206	196
207	197
208	198
209	199
210	200
211	201
212	202
213	203
214	204
215	205
216	206
217	207
218	208
219	209
220	210
221	211
222	212
223	213
224	214
225	215
226	216
227	217
228	218
229	219
230	220
231	221
232	222
233	223
234	224
235	225
236	226
237	227
238	228
239	229
240	230
241	231
242	232
243	233
244	234
245	235
246	236
247	237
248	238
249	239
250	240
251	241
252	242
253	243
254	244
255	245
256	246
257	247
258	248
259	249
260	250
261	251
262	252
263	253
264	254
265	255
266	256
267	257
268	258
269	259
270	260
271	261
272	262
273	263
274	264
275	265
276	266
277	267
278	268
279	269
280	270
281	271
282	272
283	273
284	274
285	275
286	276
287	277
288	278
289	279
290	280
291	281
292	282
293	283
294	284
295	285
296	286
297	287
298	288
299	289
300	290
301	291
302	292
303	293
304	294
305	295
306	296
307	297
308	298
309	299
310	300
311	301
312	302
313	303
314	304
315	305
316	306
317	307
318	308
319	309
320	310
321	311
322	312
323	313
324	314
325	315
326	316
-	317
