1	1
2	2
3	3
4	4
5	5
6	6
7	7
8	8
9	9
10	10
11	11
12	12
13	13
14	14
15	15
16	16
17	17
18	18
19	19
20	20
21	21
22	22
23	23
24	24
25	25
26	26
27	27
28	28
29	29
30	30
31	31
32	32
33	33
34	34
35	35
36	36
37	37
38	38
39	39
40	40
41	41
42	42
43	43
44	44
-	45
45	46
46	47
47	48
48	49
49	50
50	51
51	52
52	53
53	54
54	55
55	56
56	57
57	58
58	59
59	60
60	61
61	62
62	63
63	64
64	65
65	66
66	67
67	68
68	69
69	70
70	71
-	72
71	73
72	74
73	75
74	76
75	77
76	78
77	79
78	80
79	81
80	82
81	83
82	84
83	85
-	86
84	87
85	88
86	89
87	90
88	91
89	92
90	93
91	94
92	95
93	96
94	97
95	98
96	99
97	100
98	101
99	102
100	103
101	104
102	105
103	106
104	107
105	108
106	109
107	110
108	111
109	112
110	113
111	114
112	115
113	116
114	117
115	118
-	119
-	120
116	121
117	122
118	123
119	124
120	125
121	126
122	127
123	128
-	129
124	130
125	131
126	132
127	133
128	134
129	135
130	136
131	137
132	138
-	139
133	140
134	141
135	142
136	143
137	144
138	145
139	146
140	147
141	148
142	149
143	150
144	151
145	152
146	153
147	154
148	155
149	-
150	156
151	157
152	158
153	159
154	160
155	161
156	162
157	163
158	164
159	165
160	166
161	167
162	168
163	169
164	170
165	171
166	172
167	173
168	174
169	175
170	176
171	177
172	178
173	179
174	180
175	181
176	182
177	183
178	184
179	185
180	186
181	187
182	188
183	189
184	190
185	191
186	192
187	193
188	194
189	195
190	196
191	197
192	198
193	199
194	200
195	201
196	202
197	203
198	204
199	205
200	206
201	207
202	208
203	209
204	210
205	211
206	212
207	213
208	214
209	215
210	216
211	217
212	218
213	219
214	220
215	221
216	222
217	223
218	224
219	225
220	226
221	227
222	228
223	229
224	230
225	231
226	232
227	233
228	234
229	235
230	236
231	237
232	238
233	239
234	240
235	241
236	242
237	243
238	244
239	245
240	246
241	247
242	248
243	249
244	250
245	251
246	252
247	253
248	254
249	255
250	256
251	257
252	258
253	259
254	260
255	-
256	-
257	-
258	-
259	-
260	-
261	-
262	261
263	262
264	263
265	264
266	265
267	266
268	267
269	268
270	269
271	270
272	271
273	272
274	273
275	274
276	275
277	276
278	277
279	278
280	279
281	280
282	281
283	282
284	283
285	-
286	284
287	285
288	286
289	287
290	288
291	289
292	290
293	291
294	292
295	293
296	294
297	295
298	296
299	297
300	298
301	299
302	300
303	301
304	302
305	303
306	304
307	305
308	306
309	307
310	308
311	309
312	310
313	311
314	312
315	313
316	314
317	315
318	316
319	317
320	318
321	319
322	320
323	321
324	322
325	323
326	324
327	-
328	-
