1	1
2	2
3	3
4	4
5	5
6	6
7	7
8	8
9	9
10	10
11	11
12	12
13	13
14	14
15	15
16	16
17	17
18	18
19	19
20	20
21	21
22	22
23	23
24	24
25	25
26	26
27	27
28	28
29	29
30	30
31	31
32	32
33	33
34	34
35	35
36	36
37	37
38	38
39	39
40	40
41	41
42	42
43	43
44	44
-	45
45	46
46	47
47	48
48	49
49	50
50	51
51	52
52	53
53	54
54	55
55	56
56	57
57	58
58	59
59	60
60	61
61	62
62	63
63	64
64	65
65	66
66	67
67	68
68	69
69	70
70	71
71	72
72	73
73	74
74	75
75	76
76	77
-	78
77	79
78	80
79	81
80	82
81	83
82	84
83	85
-	86
84	87
85	88
86	89
87	90
88	91
89	92
90	93
91	94
92	95
93	96
94	97
95	98
96	99
97	100
98	101
99	102
100	103
101	104
102	105
103	106
104	107
105	108
106	109
107	110
108	111
109	112
110	113
111	114
112	115
113	116
114	117
115	118
-	119
-	120
116	121
117	122
118	123
119	124
120	125
121	126
122	127
123	128
124	129
125	130
126	131
127	132
128	133
129	134
130	135
131	136
-	137
132	138
-	139
133	140
134	141
135	142
136	143
137	144
138	145
139	146
140	147
141	148
142	149
143	150
144	151
145	152
146	153
147	-
148	-
149	-
150	-
151	154
152	155
153	156
154	157
155	158
156	159
157	160
158	161
159	162
160	163
161	164
162	165
163	166
164	167
165	168
166	169
167	170
168	171
169	172
170	173
171	174
172	175
173	176
174	177
175	178
176	179
177	180
178	181
179	182
180	183
181	184
182	185
183	186
184	187
185	188
186	189
187	190
188	191
189	192
190	193
191	194
192	195
193	196
194	197
195	198
196	199
197	200
198	201
199	202
200	203
201	204
202	205
203	206
204	207
205	208
206	209
207	210
208	211
209	212
210	213
211	214
212	215
213	216
214	217
215	218
216	219
217	220
218	221
219	222
220	223
221	224
222	225
223	226
224	227
225	228
226	229
227	230
228	231
229	232
230	233
231	234
232	235
233	236
234	237
235	238
236	239
237	240
238	241
239	242
240	243
241	244
242	245
243	246
244	247
245	248
246	249
247	250
248	251
249	252
250	253
251	254
252	255
253	256
254	257
255	-
256	-
257	-
258	-
259	-
260	-
261	-
262	-
263	258
264	259
265	260
266	261
267	262
268	263
269	264
270	265
271	266
272	267
273	268
274	269
275	270
276	271
277	272
278	273
279	274
280	275
281	276
282	277
283	278
284	279
285	280
286	281
287	282
288	283
289	284
290	285
291	286
292	287
293	288
294	289
295	290
296	291
297	292
298	293
299	294
300	295
301	296
302	297
303	298
304	299
305	300
306	301
307	302
308	303
309	304
310	305
311	306
312	307
313	308
314	309
315	310
316	311
317	312
318	313
319	314
320	315
321	316
322	317
323	318
324	319
325	320
326	321
327	322
328	-
