1	1
2	2
3	3
4	4
5	5
6	6
7	7
8	8
9	9
10	10
11	11
12	12
13	13
14	14
15	15
16	16
17	17
18	18
19	19
20	20
21	21
22	22
23	23
24	24
25	25
26	26
27	27
28	28
29	29
30	30
31	31
32	32
33	33
34	34
35	35
36	36
37	37
38	38
39	39
40	40
41	41
42	42
43	43
44	44
-	45
45	46
46	47
47	48
48	49
49	50
50	51
51	52
52	53
53	54
54	55
55	56
56	57
57	58
58	59
59	60
60	61
61	62
62	63
63	64
64	65
65	66
66	67
67	68
68	69
69	70
70	71
71	72
72	73
-	74
73	75
74	76
75	77
76	78
77	79
78	80
79	81
80	82
81	83
82	84
83	85
-	86
84	87
85	88
86	89
87	90
88	91
89	92
90	93
91	94
92	95
93	96
94	97
95	98
96	99
97	100
98	101
99	102
100	103
101	104
102	105
103	106
104	107
105	108
106	109
107	110
108	111
109	112
110	113
111	114
112	115
113	116
114	117
115	118
-	119
-	120
116	121
117	122
118	123
119	124
120	125
121	126
122	127
123	128
-	129
124	130
125	131
126	132
127	133
128	134
129	135
130	136
131	137
132	138
-	139
133	140
134	141
135	142
136	143
137	144
138	145
139	146
140	147
141	148
142	149
143	150
144	151
145	152
146	153
147	154
148	-
149	-
150	155
151	156
152	157
153	158
154	159
155	160
156	161
157	162
158	163
159	164
160	165
161	166
162	167
163	168
164	169
165	170
166	171
167	172
168	173
169	174
170	175
171	176
172	177
173	178
174	179
175	180
176	181
177	182
178	183
179	184
180	185
181	186
182	187
183	188
184	189
185	190
186	191
187	192
188	193
189	194
190	195
191	196
192	197
193	198
194	199
195	200
196	201
197	202
198	203
199	204
200	205
201	206
202	207
203	208
204	209
205	210
206	211
207	212
208	213
209	214
210	215
211	216
212	217
213	218
214	219
215	220
216	221
217	222
218	223
219	224
220	225
221	226
222	227
223	228
224	229
225	230
226	231
227	232
228	233
229	234
230	235
231	236
232	237
233	238
234	239
235	240
236	241
237	242
238	243
239	244
240	245
241	246
242	247
243	248
244	249
245	250
246	251
247	252
248	253
249	254
250	255
251	256
252	257
253	258
254	259
255	-
256	-
257	-
258	-
259	-
260	-
261	-
262	-
263	260
264	261
265	262
266	263
267	264
268	265
269	266
270	267
271	268
272	269
273	270
274	271
275	272
276	273
277	274
278	275
279	276
280	277
281	278
282	279
283	280
284	281
285	-
286	282
287	283
288	284
289	285
290	286
291	287
292	288
293	289
294	290
295	291
296	292
297	293
298	294
299	295
300	296
301	297
302	298
303	299
304	300
305	301
306	302
307	303
308	304
309	305
310	306
311	307
312	308
313	309
314	310
315	311
316	312
317	313
318	314
319	-
320	315
321	316
322	317
323	318
324	319
325	320
326	321
327	-
328	-
