-	9
-	10
1	11
2	12
3	13
4	14
5	15
6	16
7	17
8	18
9	19
10	20
11	21
12	22
13	23
14	24
15	25
16	26
17	27
18	28
19	29
20	30
21	31
22	32
23	33
24	34
25	35
26	36
27	37
28	38
29	39
30	40
31	41
32	42
33	43
34	44
35	45
36	46
37	47
38	48
39	49
40	50
41	51
42	52
43	53
44	54
45	55
46	56
47	57
48	58
49	59
50	60
51	61
52	62
53	63
54	64
55	65
56	66
57	67
58	68
59	69
60	70
61	71
62	72
63	73
64	74
65	75
66	76
67	77
68	78
69	79
70	80
71	81
72	82
73	83
74	84
75	85
76	86
77	87
78	88
79	89
80	90
81	91
82	92
83	93
84	94
85	95
86	96
87	97
88	98
89	99
90	100
91	101
92	102
93	103
94	104
95	105
96	106
97	107
98	108
99	109
100	110
101	111
102	112
103	113
104	114
105	115
106	116
107	117
108	118
109	119
110	120
111	121
112	122
113	123
114	124
115	125
116	126
117	127
118	128
119	129
120	130
121	131
122	132
123	133
124	134
125	135
126	136
127	137
128	138
129	139
130	140
131	141
132	142
-	143
133	144
134	145
135	146
136	147
137	148
138	149
139	150
140	151
141	152
142	153
143	154
144	155
145	156
146	157
147	158
148	-
149	-
150	159
151	160
152	161
153	162
154	163
155	164
156	165
157	166
158	167
159	168
160	169
161	170
162	171
163	172
164	173
165	174
166	175
167	176
168	177
169	178
170	179
171	180
172	181
173	182
174	183
175	184
176	185
177	186
178	187
179	188
180	189
181	190
182	191
183	192
184	193
185	194
186	195
187	196
188	197
189	198
190	199
191	200
192	201
193	202
194	203
195	204
196	205
197	206
198	207
199	208
200	209
201	210
202	211
203	212
204	213
205	214
206	215
207	216
208	217
209	218
210	219
211	220
212	221
213	222
214	223
215	224
216	225
217	226
218	227
219	228
220	229
221	230
222	231
223	232
224	233
225	234
226	235
227	236
228	237
229	238
230	239
231	240
232	241
233	242
234	243
235	244
236	245
237	246
238	247
239	248
240	249
241	250
242	251
243	252
244	253
245	254
246	255
247	256
248	257
249	258
250	259
251	260
252	261
253	262
254	-
255	-
256	-
257	-
258	-
259	-
260	-
261	-
262	-
263	263
264	264
265	265
266	266
267	267
268	268
269	269
270	270
271	271
272	272
273	273
274	274
275	275
276	276
277	277
278	-
279	278
280	279
281	280
282	281
283	282
284	283
285	284
286	285
287	286
288	287
289	288
290	289
291	290
292	291
293	292
294	293
295	294
296	295
297	296
298	297
299	298
300	299
301	300
302	301
303	302
304	303
305	304
306	305
307	306
308	307
309	308
310	309
311	310
312	311
313	312
314	313
315	314
316	315
317	316
318	317
319	318
320	319
321	320
322	321
323	322
324	323
325	324
326	325
327	326
328	-
