1	-
2	2
3	3
4	4
5	5
6	6
7	7
8	-
9	8
10	9
11	10
12	11
13	12
14	13
15	14
16	15
17	16
18	17
19	18
-	19
20	20
21	21
22	22
23	23
24	24
25	25
26	26
27	27
28	28
29	29
30	30
31	31
32	32
33	33
34	34
35	35
36	36
37	37
38	38
39	39
40	40
41	41
42	42
43	43
44	-
45	44
46	45
47	46
48	47
49	48
50	49
51	50
52	51
53	52
54	53
55	54
56	55
57	56
58	57
59	58
60	59
61	60
62	61
63	62
64	63
65	64
66	65
67	66
68	67
69	68
70	69
71	70
72	71
73	72
74	73
75	74
76	75
77	76
78	77
79	78
80	79
81	80
82	81
83	-
84	82
85	83
86	-
87	84
88	85
89	86
90	87
91	88
92	89
93	90
94	91
95	92
96	93
97	94
98	95
99	96
100	97
101	98
102	99
103	100
104	101
105	102
106	-
107	103
108	104
109	105
110	106
111	107
112	108
113	109
114	110
115	111
116	112
117	113
118	114
119	115
120	-
121	116
122	117
123	118
124	119
125	120
126	121
-	122
127	123
128	124
129	125
130	126
131	127
132	128
133	129
134	130
135	131
136	-
137	132
138	133
139	134
140	135
141	136
142	137
143	138
144	139
145	140
146	141
147	142
148	143
149	144
150	145
151	146
152	147
-	148
-	149
153	150
154	151
155	152
156	153
157	154
158	155
159	156
160	157
161	158
162	159
163	160
164	161
165	162
166	163
167	164
168	165
169	166
170	167
171	168
172	169
173	170
174	171
175	172
176	173
177	174
178	175
179	176
180	177
181	178
182	179
183	180
184	181
185	182
186	183
187	184
188	185
189	186
190	187
191	188
192	189
193	190
194	191
195	192
196	193
197	194
198	195
199	196
200	197
201	198
202	199
203	200
204	201
205	202
206	203
207	204
208	205
209	206
210	207
211	208
212	209
213	210
214	211
215	212
216	213
217	214
-	215
218	216
219	217
220	218
221	219
222	220
223	221
224	222
225	223
226	224
227	225
228	226
229	227
230	228
231	229
232	230
233	231
234	232
235	233
236	234
237	235
238	236
239	237
240	238
241	239
242	240
243	241
244	242
245	243
246	244
247	245
248	246
249	247
250	248
251	249
252	250
253	251
254	252
255	253
256	254
257	255
258	256
259	257
260	258
261	-
262	259
263	260
264	261
265	-
266	262
267	263
268	264
269	265
270	266
-	267
271	268
272	269
273	270
274	271
275	272
276	273
277	274
278	275
279	276
280	277
281	278
282	279
283	280
284	281
285	282
286	283
287	284
288	285
289	286
290	287
291	288
292	289
293	290
294	291
295	292
296	293
297	294
298	295
299	296
300	297
301	298
302	299
303	300
304	301
305	302
306	303
307	304
308	305
309	306
310	307
311	308
312	309
313	310
314	311
315	312
316	313
317	314
318	315
319	-
320	-
321	-
322	-
323	-
