1	10
2	11
3	12
4	13
5	14
6	15
7	16
8	17
9	18
10	19
11	20
12	21
13	22
14	23
15	24
16	25
17	26
18	27
19	28
20	29
21	30
22	31
23	32
24	33
25	34
26	35
27	36
28	37
29	38
30	39
31	40
32	41
33	42
34	43
35	44
36	45
37	46
38	47
39	48
40	49
41	50
42	51
43	52
44	-
45	53
46	54
47	55
48	56
49	57
50	58
51	59
52	60
53	61
54	62
55	63
56	64
57	65
58	66
59	67
60	68
61	69
62	70
63	71
64	72
65	73
66	74
67	75
68	76
69	77
70	78
71	79
72	80
73	81
74	82
75	83
76	84
77	85
78	86
79	87
80	88
81	89
82	90
83	-
84	91
85	92
86	93
87	94
88	95
89	-
90	96
91	97
92	98
93	99
94	100
95	101
96	102
97	103
98	104
99	105
100	106
101	107
102	108
103	109
104	110
105	111
106	112
107	113
108	114
109	115
110	116
111	117
112	118
113	119
114	120
115	121
116	-
117	122
118	123
119	124
120	-
121	125
122	126
123	127
124	128
125	129
126	130
-	131
127	132
128	133
129	134
130	135
131	136
132	137
133	138
134	139
135	140
136	141
137	142
138	143
139	144
140	145
141	146
142	147
143	148
144	149
145	150
146	151
147	152
148	153
149	154
150	155
151	156
152	157
153	158
154	159
-	160
155	161
156	162
157	163
158	164
159	165
160	166
161	167
162	168
163	169
164	170
165	171
166	172
167	173
168	174
169	175
170	176
171	177
172	178
173	179
174	180
175	181
176	182
177	183
178	184
179	185
180	186
181	187
182	188
183	189
184	190
185	191
186	192
187	193
188	194
189	195
190	196
191	197
192	198
193	199
194	200
195	201
196	202
197	203
198	204
199	205
200	206
201	207
202	208
203	209
204	210
205	211
206	212
207	213
208	214
209	215
210	216
211	217
212	218
213	219
214	220
215	221
216	222
217	223
-	224
218	225
219	226
220	227
221	228
222	229
223	230
224	231
225	232
226	233
227	234
228	235
229	236
230	237
231	238
232	239
233	240
234	241
235	242
236	243
237	244
238	245
239	246
240	247
241	248
242	249
243	250
244	251
245	252
246	253
247	254
248	255
249	256
250	257
251	258
252	259
253	260
254	261
255	262
256	263
257	264
258	265
259	266
260	267
261	268
262	269
263	270
264	271
265	272
266	273
267	274
268	275
269	276
270	277
271	278
272	279
273	280
274	281
275	282
276	283
277	284
278	285
279	286
280	287
281	288
282	289
283	290
284	291
285	292
286	293
287	294
288	295
289	296
290	297
291	298
292	299
293	300
294	301
295	302
296	303
297	304
298	305
299	306
300	307
301	308
302	309
303	310
304	311
305	312
306	313
307	314
308	315
309	316
310	317
311	318
312	319
313	320
314	321
315	322
316	323
317	324
318	325
319	326
320	-
321	-
322	-
323	-
