1	11
2	12
3	13
4	14
5	15
6	16
7	17
8	18
9	19
10	-
11	20
12	21
13	22
14	23
15	24
16	25
17	26
18	27
19	28
-	29
20	30
21	31
22	32
23	33
24	34
25	35
26	36
27	37
28	38
29	39
30	40
31	41
32	42
33	43
34	44
35	45
36	46
37	47
38	48
39	49
40	50
41	51
42	52
43	53
44	54
45	-
46	55
47	56
48	57
49	58
50	59
51	60
52	61
53	62
54	63
55	64
56	65
57	66
58	67
59	68
60	69
61	70
62	71
63	72
64	73
65	74
66	75
67	76
68	77
69	78
70	79
71	80
72	81
73	82
74	83
75	84
76	85
77	86
78	87
79	88
80	89
81	90
82	91
83	-
84	92
85	93
86	94
87	95
88	96
89	-
90	97
91	98
92	99
93	100
94	101
95	102
96	103
97	104
98	105
99	106
100	107
101	108
102	109
103	110
104	111
105	112
106	113
107	114
108	115
109	116
110	117
111	118
112	119
113	120
114	121
115	122
116	-
117	123
118	124
119	125
120	-
121	126
122	127
123	128
124	129
125	130
126	131
-	132
127	133
128	134
129	135
130	136
131	137
132	138
133	139
134	140
135	141
136	142
137	143
138	144
139	145
140	146
141	147
142	148
143	149
144	150
145	151
146	152
147	153
148	154
149	155
150	156
151	157
152	158
153	159
154	160
155	161
156	162
157	163
158	164
159	165
160	166
161	167
162	168
163	169
164	170
165	171
166	172
167	173
168	174
169	175
170	176
171	177
172	178
173	179
174	180
175	181
176	182
177	183
178	184
179	185
180	186
181	187
182	188
183	189
184	190
185	191
186	192
187	193
188	194
189	195
190	196
191	197
192	198
193	199
194	200
195	201
196	202
197	203
198	204
199	205
200	206
201	207
202	208
203	209
204	210
205	211
206	212
207	213
208	214
209	215
210	216
211	217
212	218
213	219
214	220
215	221
216	222
217	223
-	224
218	225
219	226
220	227
221	228
222	229
223	230
224	231
225	232
226	233
227	234
228	235
229	236
230	237
231	238
232	239
233	240
234	241
235	242
236	243
237	244
238	245
239	246
240	247
241	248
242	249
243	250
244	251
245	252
246	253
247	254
248	255
249	256
250	257
251	258
252	259
253	260
254	261
255	262
256	263
257	264
258	265
259	266
260	267
261	268
262	269
263	270
264	-
265	271
266	272
267	273
268	274
269	275
270	276
271	277
272	278
273	279
274	280
275	281
276	282
277	283
278	284
279	285
280	286
281	287
282	288
283	289
284	290
285	291
286	292
287	293
288	294
289	295
290	296
291	297
292	298
293	299
294	300
295	301
296	302
297	303
298	304
299	305
300	306
301	307
302	308
303	309
304	310
305	311
306	312
307	313
308	314
309	315
310	316
311	317
312	318
313	319
314	320
315	321
316	322
317	323
318	324
319	325
320	326
321	-
322	-
323	-
