-	9
1	10
2	11
3	12
4	13
5	14
6	15
7	16
8	17
9	18
10	19
11	20
12	21
13	22
14	23
15	24
16	25
17	26
-	27
18	28
19	29
20	30
21	31
22	32
23	33
24	34
25	35
26	36
27	37
28	38
29	39
30	40
31	41
32	42
33	43
34	44
35	45
36	46
37	47
38	48
39	49
40	50
41	51
42	52
43	53
44	54
45	-
46	55
47	56
48	57
49	58
50	59
51	60
52	61
53	62
54	63
55	64
56	65
57	66
58	67
59	68
60	69
61	70
62	71
63	72
64	73
65	74
66	75
67	76
68	77
69	78
70	79
71	80
72	81
73	82
74	83
75	-
76	84
77	85
78	86
79	87
80	88
81	89
82	90
83	91
84	92
85	93
86	94
87	-
88	95
89	96
90	97
91	98
92	99
93	100
94	101
95	102
96	103
97	104
98	105
99	106
100	107
101	108
102	109
103	110
104	111
105	112
106	113
107	114
108	115
109	116
110	117
111	118
112	119
113	120
114	121
115	122
116	123
117	124
118	125
119	-
120	-
121	126
122	127
123	128
124	129
125	130
126	131
127	132
128	133
129	134
130	135
131	136
132	137
133	138
134	139
135	140
136	141
137	142
138	143
139	144
140	145
141	146
142	147
143	148
144	149
145	150
146	151
147	152
148	153
149	154
150	155
151	156
152	157
-	158
-	159
153	160
154	161
155	162
156	163
157	164
158	165
159	166
160	167
161	168
162	169
163	170
164	171
165	172
166	173
167	174
168	175
169	176
170	177
171	178
172	179
173	180
174	181
175	182
176	183
177	184
178	185
179	186
180	187
181	188
182	189
183	190
184	191
185	192
186	193
187	194
188	195
189	196
190	197
191	198
192	199
193	200
194	201
195	202
196	203
197	204
198	205
199	206
200	207
201	208
202	209
203	210
204	211
205	212
206	213
207	214
208	215
209	216
210	217
211	218
212	219
213	220
214	221
215	222
216	223
217	224
218	225
219	226
220	227
221	228
222	229
223	230
224	231
225	232
226	233
227	234
228	235
229	236
230	237
231	238
232	239
233	240
234	241
235	242
236	243
237	244
238	245
239	246
240	247
241	248
242	249
243	250
244	251
245	252
246	253
247	254
248	255
249	256
250	257
251	258
252	259
253	260
254	261
255	262
256	263
257	-
258	-
259	264
260	265
261	266
262	267
263	268
264	269
265	270
266	271
267	272
268	273
269	274
270	275
271	276
272	277
273	278
274	279
275	280
276	281
277	282
278	283
279	284
280	285
281	286
282	287
283	288
284	289
285	290
286	291
287	292
288	293
289	294
290	295
291	296
292	297
293	298
294	299
295	300
296	301
297	302
298	303
299	304
300	305
301	306
302	307
303	308
304	309
305	310
306	311
307	312
308	313
309	314
310	315
311	316
312	317
313	318
314	319
315	320
316	321
317	322
-	323
318	324
319	325
-	326
