-	8
-	9
1	10
2	11
3	12
4	13
5	14
6	15
7	16
8	17
9	18
10	19
11	20
12	21
13	22
14	23
15	24
16	25
17	26
18	27
19	28
20	29
21	30
22	31
23	32
24	33
25	34
26	35
27	36
28	37
29	38
30	39
31	40
32	41
33	42
34	43
35	44
36	45
37	46
38	47
39	48
40	49
41	50
42	51
43	52
44	53
45	-
46	54
47	55
48	56
49	57
50	58
51	59
52	60
53	61
54	62
55	63
56	64
57	65
58	66
59	67
60	68
61	69
62	70
63	71
64	72
65	73
66	74
67	75
68	76
69	77
70	78
71	79
72	80
73	81
74	-
75	82
76	83
77	84
78	85
79	86
80	87
81	88
82	89
83	90
84	91
85	92
86	93
87	-
88	94
89	95
90	96
91	97
92	98
93	99
94	100
95	101
96	102
97	103
98	104
99	105
100	106
101	107
102	108
103	109
104	110
105	111
106	112
107	113
108	114
109	115
110	116
111	117
112	118
113	119
114	120
115	121
116	122
117	123
118	124
119	-
120	-
121	125
122	126
123	127
124	128
125	129
126	130
127	131
128	132
129	133
130	134
131	135
132	136
133	137
134	138
135	139
136	140
137	141
138	142
139	143
140	144
141	145
142	146
143	147
144	148
145	149
146	150
147	151
148	152
149	153
150	154
151	155
152	156
-	157
-	158
-	159
153	160
154	161
155	162
156	163
157	164
158	165
159	166
160	167
161	168
162	169
163	170
164	171
165	172
166	173
167	174
168	175
169	176
170	177
171	178
172	179
173	180
174	181
175	182
176	183
177	184
178	185
179	186
180	187
181	188
182	189
183	190
184	191
185	192
186	193
187	194
188	195
189	196
190	197
191	198
192	199
193	200
194	201
195	202
196	203
197	204
198	205
199	206
200	207
201	208
202	209
203	210
204	211
205	212
206	213
207	214
208	215
209	216
210	217
211	218
212	219
213	220
214	221
215	222
216	223
217	224
218	225
219	226
220	227
221	228
222	229
223	230
224	231
225	232
226	233
227	234
228	235
229	236
230	237
231	238
232	239
233	240
234	241
235	242
236	243
237	244
238	245
239	246
240	247
241	248
242	249
243	250
244	251
245	252
246	253
247	254
248	255
249	256
250	257
251	258
252	259
253	260
254	261
255	262
256	263
257	264
258	-
259	265
260	266
261	267
262	268
263	269
264	270
265	271
266	272
267	273
268	274
269	275
270	276
271	277
272	278
273	279
274	280
275	281
276	282
277	283
278	284
279	285
280	286
281	287
282	288
283	289
284	290
285	291
286	292
287	293
288	294
289	295
290	296
291	297
292	298
293	299
294	300
295	301
296	302
297	303
298	304
299	305
300	306
301	307
302	308
303	309
304	310
305	311
306	312
307	313
308	314
309	315
310	316
311	317
312	318
313	319
314	320
315	321
316	322
317	323
318	324
319	325
-	326
