1	1
2	2
3	3
4	4
5	5
6	6
7	7
8	8
9	9
10	10
11	11
12	12
13	13
14	14
15	15
16	16
17	17
18	18
19	19
20	20
21	21
22	22
23	23
24	24
25	25
26	26
27	27
28	28
29	29
30	30
31	31
32	32
33	33
34	34
35	35
36	36
37	37
38	38
39	39
40	40
41	41
42	42
43	43
44	44
45	-
46	45
47	46
48	47
49	48
50	49
51	50
52	51
53	52
54	53
55	54
56	55
57	56
58	57
59	58
60	59
61	60
62	61
63	62
64	63
65	64
66	65
67	66
68	67
69	68
70	69
71	70
72	71
73	72
74	73
75	74
76	75
77	76
78	-
79	77
80	78
81	79
82	80
83	81
84	82
85	83
86	-
87	84
88	85
89	86
90	87
91	88
92	89
93	90
94	91
95	92
96	93
97	94
98	95
99	96
100	97
101	98
102	99
103	100
104	101
105	102
106	103
107	104
108	105
109	106
110	107
111	108
112	109
113	110
114	111
115	112
116	113
117	114
118	115
119	-
120	-
121	116
122	117
123	118
124	119
125	120
126	121
127	122
128	123
129	124
130	125
131	126
132	127
133	128
134	129
135	130
136	131
137	-
138	132
139	-
140	133
141	134
142	135
143	136
144	137
145	138
146	139
147	140
148	141
149	142
150	143
151	144
152	145
153	146
-	147
-	148
-	149
-	150
154	151
155	152
156	153
157	154
158	155
159	156
160	157
161	158
162	159
163	160
164	161
165	162
166	163
167	164
168	165
169	166
170	167
171	168
172	169
173	170
174	171
175	172
176	173
177	174
178	175
179	176
180	177
181	178
182	179
183	180
184	181
185	182
186	183
187	184
188	185
189	186
190	187
191	188
192	189
193	190
194	191
195	192
196	193
197	194
198	195
199	196
200	197
201	198
202	199
203	200
204	201
205	202
206	203
207	204
208	205
209	206
210	207
211	208
212	209
213	210
214	211
215	212
216	213
217	214
218	215
219	216
220	217
221	218
222	219
223	220
224	221
225	222
226	223
227	224
228	225
229	226
230	227
231	228
232	229
233	230
234	231
235	232
236	233
237	234
238	235
239	236
240	237
241	238
242	239
243	240
244	241
245	242
246	243
247	244
248	245
249	246
250	247
251	248
252	249
253	250
254	251
255	252
256	253
257	254
-	255
-	256
-	257
-	258
-	259
-	260
-	261
-	262
258	263
259	264
260	265
261	266
262	267
263	268
264	269
265	270
266	271
267	272
268	273
269	274
270	275
271	276
272	277
273	278
274	279
275	280
276	281
277	282
278	283
279	284
280	285
281	286
282	287
283	288
284	289
285	290
286	291
287	292
288	293
289	294
290	295
291	296
292	297
293	298
294	299
295	300
296	301
297	302
298	303
299	304
300	305
301	306
302	307
303	308
304	309
305	310
306	311
307	312
308	313
309	314
310	315
311	316
312	317
313	318
314	319
315	320
316	321
317	322
318	323
319	324
320	325
321	326
322	327
-	328
