-	5
-	6
1	7
2	8
3	9
4	10
5	11
6	12
7	13
8	14
9	15
10	16
11	17
12	18
13	19
14	20
15	21
16	22
17	23
18	24
19	25
20	26
21	27
22	28
23	29
24	30
25	31
26	32
27	33
28	34
29	35
30	36
31	37
32	38
33	39
34	40
35	41
36	42
37	43
38	44
39	45
40	46
41	47
42	48
43	49
44	50
45	-
46	51
47	52
48	53
49	54
50	55
51	56
52	57
53	58
54	59
55	60
56	61
57	62
58	63
59	64
60	65
61	66
62	67
63	68
64	69
65	70
66	71
67	72
68	73
69	74
70	75
71	76
72	77
73	-
74	78
75	79
76	80
77	81
78	82
79	83
80	84
81	85
82	86
83	87
84	88
85	89
86	90
87	91
88	92
89	-
90	93
91	94
92	95
93	96
94	97
95	98
96	99
97	100
98	101
99	102
100	103
101	104
102	105
103	106
104	107
105	108
106	109
107	110
108	111
109	112
110	113
111	114
112	115
113	116
114	117
115	118
116	119
117	-
118	120
119	121
120	-
121	122
122	123
123	124
124	125
125	126
126	127
127	128
128	129
129	130
130	131
131	132
132	133
133	134
134	135
135	136
136	137
137	-
138	138
139	139
140	140
141	141
142	142
143	143
144	144
145	145
146	146
147	147
148	148
149	149
150	150
151	151
152	152
153	153
-	154
-	155
-	156
154	157
155	158
156	159
157	160
158	161
159	162
160	163
161	164
162	165
163	166
164	167
165	168
166	169
167	170
168	171
169	172
170	173
171	174
172	175
173	176
174	177
175	178
176	179
177	180
178	181
179	182
180	183
181	184
182	185
183	186
184	187
185	188
186	189
187	190
188	191
189	192
190	193
191	194
192	195
193	196
194	197
195	198
196	199
197	200
198	201
199	202
200	203
201	204
202	205
203	206
204	207
205	208
206	209
207	210
208	211
209	212
210	213
211	214
212	215
213	216
214	217
215	218
216	219
217	220
218	221
219	222
220	223
221	224
222	225
223	226
224	227
225	228
226	229
227	230
228	231
229	232
230	233
231	234
232	235
233	236
234	237
235	238
236	239
237	240
238	241
239	242
240	243
241	244
242	245
243	246
244	247
245	248
246	249
247	250
248	251
249	252
250	253
251	254
252	255
253	256
254	257
255	258
256	259
257	260
258	261
259	262
260	263
261	264
262	-
263	265
264	266
265	267
266	268
267	269
268	270
269	271
270	272
271	273
272	274
273	275
274	276
275	277
276	278
277	279
278	280
279	281
280	282
281	283
282	284
283	285
284	286
285	287
286	288
287	289
288	290
289	291
290	292
291	293
292	294
293	295
294	296
295	297
296	298
297	299
298	300
299	301
300	302
301	303
302	304
303	305
304	306
305	307
306	308
307	309
308	310
309	311
310	312
311	313
312	314
313	315
314	316
315	317
316	318
317	319
318	320
319	321
320	322
321	323
322	-
