-	9
-	10
1	11
2	12
3	13
4	14
5	15
6	16
7	17
8	18
9	19
10	20
11	21
12	22
13	23
14	24
15	25
16	26
17	27
18	28
-	29
19	30
20	31
21	32
22	33
23	34
24	35
25	-
26	36
27	37
28	38
29	39
30	40
31	41
32	42
33	43
34	44
35	45
36	46
37	47
38	48
39	49
40	50
41	51
42	52
43	53
44	54
45	-
46	55
47	56
48	57
49	58
50	59
51	60
52	61
53	62
54	63
55	64
56	65
57	66
58	67
59	68
60	69
61	70
62	71
63	72
64	73
65	74
66	75
67	76
68	77
69	78
70	79
71	80
72	81
73	82
74	83
75	-
76	84
77	85
78	86
79	87
80	88
81	89
82	90
83	91
84	92
85	93
86	94
87	95
88	96
89	-
90	97
91	98
92	99
93	100
94	101
95	102
96	103
97	104
98	105
99	106
100	107
101	108
102	109
103	110
104	111
105	112
106	113
107	114
108	115
109	116
110	117
111	118
112	119
113	120
114	121
115	122
116	123
117	124
118	125
119	-
120	-
121	-
122	126
123	127
124	128
125	129
126	130
127	131
128	132
129	133
130	-
131	134
132	135
133	136
134	137
135	138
136	139
137	140
138	141
139	142
140	143
141	144
142	145
143	146
144	147
145	148
146	149
147	150
148	151
149	152
150	153
151	154
152	155
153	156
154	157
155	158
156	159
157	160
158	161
159	162
160	163
161	164
162	165
163	166
164	167
165	168
166	169
167	170
168	171
169	172
170	173
171	174
172	175
173	176
174	177
175	178
176	179
177	180
178	181
179	182
180	183
181	184
182	185
183	186
184	187
185	188
186	189
187	190
188	191
189	192
190	193
191	194
192	195
193	196
194	197
195	198
196	199
197	200
198	201
199	202
200	203
201	204
202	205
203	206
204	207
205	208
206	209
207	210
208	211
209	212
210	213
211	214
212	215
213	216
214	217
215	218
216	219
217	220
218	221
219	222
220	223
221	224
222	225
223	226
224	227
225	228
226	229
227	230
228	231
229	232
230	233
231	234
232	235
233	236
234	237
235	238
236	239
237	240
238	241
239	242
240	243
241	244
242	245
243	246
244	247
245	248
246	249
247	250
248	251
249	252
250	253
251	254
252	255
253	256
254	257
255	258
256	259
257	260
258	261
259	262
260	263
261	264
262	-
263	265
264	266
265	267
266	268
267	269
268	270
269	271
270	272
271	273
272	274
273	275
274	276
275	277
276	278
277	279
278	280
279	281
280	282
281	283
282	284
283	285
284	286
285	287
286	288
287	289
288	290
289	291
290	292
291	293
292	294
293	295
294	296
295	297
296	298
297	299
298	300
299	301
300	302
301	303
302	304
303	305
304	306
305	307
306	308
307	309
308	310
309	311
310	312
311	313
312	314
313	315
314	316
315	317
316	318
317	319
318	320
319	321
320	322
321	323
322	324
323	325
324	326
