1	1
2	2
3	3
4	4
5	5
6	6
7	7
8	8
9	9
10	10
11	-
12	11
13	12
14	13
15	14
16	15
17	16
18	17
19	18
-	19
-	20
20	21
21	22
22	23
23	24
24	25
25	26
26	27
27	-
28	28
29	29
30	30
31	31
32	32
33	33
34	34
35	35
36	36
37	37
38	38
39	39
40	40
41	41
42	42
43	43
44	44
45	-
46	45
47	46
48	47
49	48
50	49
51	50
52	51
53	52
54	53
55	54
56	55
57	56
58	57
59	58
60	59
61	60
62	61
63	62
64	63
65	64
66	65
67	66
68	67
69	68
70	69
71	70
72	71
73	72
74	73
75	74
76	75
77	76
78	-
79	77
80	78
81	79
82	80
83	81
84	82
85	83
86	-
87	84
88	85
89	86
90	87
91	88
92	89
93	90
94	91
95	92
96	93
97	94
98	95
99	96
100	97
101	98
102	99
103	100
104	101
105	102
106	103
107	104
108	105
109	106
110	107
111	108
112	109
113	110
114	111
115	112
116	113
117	114
118	115
119	-
120	-
121	-
122	116
123	117
124	118
125	119
126	120
127	121
128	122
129	123
130	-
131	124
132	125
133	126
134	127
135	128
136	129
137	130
138	131
139	132
140	-
141	133
142	134
143	135
144	136
145	137
146	138
147	139
148	140
149	141
150	142
151	143
152	144
153	145
154	146
155	147
-	148
-	149
156	150
157	151
158	152
159	153
160	154
161	155
162	156
163	157
164	158
165	159
166	160
167	161
168	162
169	163
170	164
171	165
172	166
173	167
174	168
175	169
176	170
177	171
178	172
179	173
180	174
181	175
182	176
183	177
184	178
185	179
186	180
187	181
188	182
189	183
190	184
191	185
192	186
193	187
194	188
195	189
196	190
197	191
198	192
199	193
200	194
201	195
202	196
203	197
204	198
205	199
206	200
207	201
208	202
209	203
210	204
211	205
212	206
213	207
214	208
215	209
216	210
217	211
218	212
219	213
220	214
221	215
222	216
223	217
224	218
225	219
226	220
227	221
228	222
229	223
230	224
231	225
232	226
233	227
234	228
235	229
236	230
237	231
238	232
239	233
240	234
241	235
242	236
243	237
244	238
245	239
246	240
247	241
248	242
249	243
250	244
251	245
252	246
253	247
254	248
255	249
256	250
257	251
258	252
259	253
260	254
261	255
262	-
263	256
264	257
265	258
266	259
267	260
268	261
269	262
270	263
271	264
272	265
273	266
274	267
275	268
276	269
277	270
278	271
279	272
280	273
281	274
282	275
283	276
284	277
285	278
286	279
287	280
288	281
289	282
290	283
291	284
292	285
293	286
294	287
295	288
296	289
297	290
298	291
299	292
300	293
301	294
302	295
303	296
304	297
305	298
306	299
307	300
308	301
309	302
310	303
311	304
312	305
313	306
314	307
315	308
316	309
317	310
318	311
319	312
320	313
321	314
322	-
323	315
324	-
