1	1
2	2
3	3
4	4
5	5
6	6
7	7
8	8
9	9
10	10
11	11
12	12
13	13
14	14
15	15
16	16
17	17
18	18
19	19
20	20
21	21
22	22
23	23
24	24
25	25
26	26
27	27
28	28
29	29
30	30
31	31
32	32
33	33
34	34
35	35
36	36
37	37
38	38
39	39
40	40
41	41
42	42
43	43
44	44
45	45
46	46
47	47
48	48
49	49
50	50
51	51
52	52
53	53
54	54
55	55
56	56
57	57
58	58
59	59
60	60
61	61
62	62
63	63
64	64
65	65
66	66
67	67
68	68
69	69
70	70
71	71
72	72
73	73
74	74
75	75
76	76
77	77
78	78
79	79
80	80
81	81
82	82
83	83
84	84
85	85
86	86
87	87
88	88
89	89
90	90
91	91
92	92
93	93
94	94
95	95
96	96
97	97
98	98
99	99
100	100
101	101
102	102
103	103
104	104
105	105
106	106
107	107
108	108
109	109
110	110
111	111
112	112
113	113
114	114
115	115
116	116
117	117
118	118
119	119
120	-
121	120
122	121
123	122
124	-
125	123
126	124
127	125
128	126
129	127
130	-
131	128
132	129
133	130
134	131
135	132
136	133
137	134
138	-
139	-
140	-
141	-
142	135
143	136
144	137
145	138
146	139
147	140
148	141
149	142
150	143
151	144
152	145
153	146
154	147
155	148
156	149
157	150
158	151
159	152
160	153
161	154
162	155
163	156
164	157
165	158
166	159
167	160
168	161
169	162
170	163
171	164
172	165
173	166
174	167
175	168
176	169
177	170
178	171
179	172
180	173
181	174
182	175
183	176
184	177
185	178
186	179
187	180
188	181
189	182
190	183
191	184
192	185
193	186
194	187
195	188
196	189
197	190
198	191
199	192
200	193
201	194
202	195
203	196
204	197
205	198
206	199
207	200
208	201
209	202
210	203
211	204
212	205
213	206
214	207
215	208
216	209
217	210
218	211
219	212
220	213
221	214
222	215
223	216
224	217
225	218
226	219
227	220
228	221
229	222
230	223
231	224
232	225
233	226
234	227
235	228
236	229
237	230
238	231
239	232
240	233
241	234
242	235
243	236
244	237
245	238
246	239
247	240
248	241
249	242
250	243
251	244
252	245
253	246
254	247
255	248
256	249
257	250
258	251
259	252
260	253
261	254
262	255
263	256
264	257
265	258
266	259
267	260
268	261
269	262
270	263
271	264
272	265
273	266
274	267
275	268
276	269
277	270
278	271
279	272
280	273
281	274
282	275
283	276
284	277
285	278
286	279
287	280
288	281
289	282
290	283
291	284
292	285
293	286
294	287
295	288
296	289
297	290
298	291
299	292
300	293
301	294
302	295
303	296
304	297
305	298
306	299
307	300
308	301
309	302
310	303
311	304
312	305
313	306
314	307
315	308
316	309
317	310
318	311
319	312
320	313
321	314
322	315
323	316
324	317
