9	0
10	1
11	2
12	3
13	4
14	5
15	6
16	7
17	8
18	9
19	10
20	11
21	12
22	13
23	14
24	15
25	16
26	17
27	18
28	19
29	20
30	21
31	22
32	23
33	24
34	25
35	26
36	27
37	28
38	29
39	30
40	31
41	32
42	33
43	34
44	35
45	36
46	37
47	38
48	39
49	40
50	41
51	42
52	43
53	44
54	45
55	46
56	47
57	48
58	49
59	50
60	51
61	52
62	53
63	54
64	55
65	56
66	57
67	58
68	59
69	60
70	61
71	62
72	63
73	64
74	65
75	66
76	67
77	68
78	69
79	70
80	71
81	72
82	73
83	74
84	75
85	76
86	77
87	78
88	79
89	80
90	81
91	82
92	83
93	84
94	85
95	86
96	87
97	88
98	89
99	90
100	91
101	92
102	93
103	94
104	95
105	96
106	97
107	98
108	99
109	100
110	101
111	102
112	103
113	104
114	105
115	106
116	107
117	108
118	109
119	110
120	111
121	112
122	113
123	114
124	115
125	116
126	117
127	118
128	119
-	120
129	121
130	122
131	123
132	124
133	125
134	126
135	127
136	128
137	129
138	130
139	131
140	132
141	133
142	134
143	135
144	136
145	137
146	138
147	139
148	140
149	141
150	142
151	143
152	144
153	145
154	146
155	147
156	148
157	149
158	150
-	151
-	152
159	153
160	154
161	155
162	156
163	157
164	158
165	159
166	160
167	161
168	162
169	163
170	164
171	165
172	166
173	167
174	168
175	169
176	170
177	171
178	172
179	173
180	174
181	175
182	176
183	177
184	178
185	179
186	180
187	181
188	182
189	183
190	184
191	185
192	186
193	187
194	188
195	189
196	190
197	191
198	192
199	193
200	194
201	195
202	196
203	197
204	198
205	199
206	200
207	201
208	202
209	203
210	204
211	205
212	206
213	207
214	208
215	209
216	210
217	211
218	212
219	213
220	214
221	215
222	216
223	217
224	218
225	219
226	220
227	221
228	222
229	223
230	224
231	225
232	226
233	227
234	228
235	229
236	230
237	231
238	232
239	233
240	234
241	235
242	236
243	237
244	238
245	239
246	240
247	241
248	242
249	243
250	244
251	245
252	246
253	247
254	248
255	249
256	250
257	251
258	252
259	253
260	254
261	255
262	256
263	257
264	-
265	258
266	259
267	260
268	261
269	262
270	263
271	264
272	265
273	266
274	267
275	268
276	269
277	270
-	271
278	272
279	273
280	274
281	275
282	276
283	277
284	278
285	279
286	280
287	281
288	282
289	283
290	284
291	285
292	286
293	287
294	288
295	289
296	290
297	291
298	292
299	293
300	294
301	295
302	296
303	297
304	298
305	299
306	300
307	301
308	302
309	303
310	304
311	305
312	306
313	307
314	308
315	309
316	310
317	311
318	312
319	313
320	314
321	315
322	316
323	317
324	318
325	319
326	-
