9	-
10	1
11	2
12	3
13	4
14	5
15	6
16	7
17	8
18	9
19	10
20	11
21	12
22	13
23	14
24	15
25	16
26	17
27	-
28	18
29	19
30	20
31	21
32	22
33	23
34	24
35	25
36	26
37	27
38	28
39	29
40	30
41	31
42	32
43	33
44	34
45	35
46	36
47	37
48	38
49	39
50	40
51	41
52	42
53	43
54	44
-	45
55	46
56	47
57	48
58	49
59	50
60	51
61	52
62	53
63	54
64	55
65	56
66	57
67	58
68	59
69	60
70	61
71	62
72	63
73	64
74	65
75	66
76	67
77	68
78	69
79	70
80	71
81	72
82	73
83	74
-	75
84	76
85	77
86	78
87	79
88	80
89	81
90	82
91	83
92	84
93	85
94	86
-	87
95	88
96	89
97	90
98	91
99	92
100	93
101	94
102	95
103	96
104	97
105	98
106	99
107	100
108	101
109	102
110	103
111	104
112	105
113	106
114	107
115	108
116	109
117	110
118	111
119	112
120	113
121	114
122	115
123	116
124	117
125	118
-	119
-	120
126	121
127	122
128	123
129	124
130	125
131	126
132	127
133	128
134	129
135	130
136	131
137	132
138	133
139	134
140	135
141	136
142	137
143	138
144	139
145	140
146	141
147	142
148	143
149	144
150	145
151	146
152	147
153	148
154	149
155	150
156	151
157	152
158	-
159	-
160	153
161	154
162	155
163	156
164	157
165	158
166	159
167	160
168	161
169	162
170	163
171	164
172	165
173	166
174	167
175	168
176	169
177	170
178	171
179	172
180	173
181	174
182	175
183	176
184	177
185	178
186	179
187	180
188	181
189	182
190	183
191	184
192	185
193	186
194	187
195	188
196	189
197	190
198	191
199	192
200	193
201	194
202	195
203	196
204	197
205	198
206	199
207	200
208	201
209	202
210	203
211	204
212	205
213	206
214	207
215	208
216	209
217	210
218	211
219	212
220	213
221	214
222	215
223	216
224	217
225	218
226	219
227	220
228	221
229	222
230	223
231	224
232	225
233	226
234	227
235	228
236	229
237	230
238	231
239	232
240	233
241	234
242	235
243	236
244	237
245	238
246	239
247	240
248	241
249	242
250	243
251	244
252	245
253	246
254	247
255	248
256	249
257	250
258	251
259	252
260	253
261	254
262	255
263	256
-	257
-	258
264	259
265	260
266	261
267	262
268	263
269	264
270	265
271	266
272	267
273	268
274	269
275	270
276	271
277	272
278	273
279	274
280	275
281	276
282	277
283	278
284	279
285	280
286	281
287	282
288	283
289	284
290	285
291	286
292	287
293	288
294	289
295	290
296	291
297	292
298	293
299	294
300	295
301	296
302	297
303	298
304	299
305	300
306	301
307	302
308	303
309	304
310	305
311	306
312	307
313	308
314	309
315	310
316	311
317	312
318	313
319	314
320	315
321	316
322	317
323	-
324	318
325	319
326	-
