9	-
10	-
11	1
12	2
13	3
14	4
15	5
16	6
17	7
18	8
19	9
20	10
21	11
22	12
23	13
24	14
25	15
26	16
27	17
28	18
29	19
30	20
31	21
32	22
33	23
34	24
35	25
36	26
37	27
38	28
39	29
40	30
41	31
42	32
43	33
44	34
45	35
46	36
47	37
48	38
49	39
50	40
51	41
52	42
53	43
54	44
-	45
55	46
56	47
57	48
58	49
59	50
60	51
61	52
62	53
63	54
64	55
65	56
66	57
67	58
68	59
69	60
70	61
71	62
72	63
73	64
74	65
75	66
76	67
77	68
78	69
79	70
80	71
81	72
-	73
82	74
83	75
84	76
85	77
86	78
87	79
88	80
89	81
90	82
91	83
92	84
93	85
94	86
-	87
95	88
96	89
97	90
98	91
99	92
100	93
101	94
102	95
103	96
104	97
105	98
106	99
107	100
108	101
109	102
110	103
111	104
112	105
113	106
114	107
115	108
116	109
117	110
118	111
119	112
120	113
121	114
122	115
123	116
124	117
125	118
-	119
-	120
126	121
127	122
128	123
129	124
130	125
131	126
132	127
133	128
134	129
135	130
136	131
137	132
138	133
139	134
140	135
141	136
-	137
142	138
143	139
144	140
145	141
146	142
147	143
148	144
149	145
150	146
151	147
152	148
153	149
154	150
155	151
156	152
157	153
158	-
159	-
160	154
161	155
162	156
163	157
164	158
165	159
166	160
167	161
168	162
169	163
170	164
171	165
172	166
173	167
174	168
175	169
176	170
177	171
178	172
179	173
180	174
181	175
182	176
183	177
184	178
185	179
186	180
187	181
188	182
189	183
190	184
191	185
192	186
193	187
194	188
195	189
196	190
197	191
198	192
199	193
200	194
201	195
202	196
203	197
204	198
205	199
206	200
207	201
208	202
209	203
210	204
211	205
212	206
213	207
214	208
215	209
216	210
217	211
218	212
219	213
220	214
221	215
222	216
223	217
224	218
225	219
226	220
227	221
228	222
229	223
230	224
231	225
232	226
233	227
234	228
235	229
236	230
237	231
238	232
239	233
240	234
241	235
242	236
243	237
244	238
245	239
246	240
247	241
248	242
249	243
250	244
251	245
252	246
253	247
254	248
255	249
256	250
257	251
258	252
259	253
260	254
261	255
262	256
263	257
-	258
264	259
-	260
265	261
266	262
267	263
268	264
269	265
270	266
271	267
272	268
273	269
274	270
275	271
276	272
277	273
278	274
279	275
280	276
281	277
282	278
283	279
284	280
285	281
286	282
287	283
288	284
289	285
290	286
291	287
292	288
293	289
294	290
295	291
296	292
297	293
298	294
299	295
300	296
301	297
302	298
303	299
304	300
305	301
306	302
307	303
308	304
309	305
310	306
311	307
312	308
313	309
314	310
315	311
316	312
317	313
318	314
319	315
320	316
321	317
322	318
323	319
324	320
325	321
326	322
