5	-
6	1
7	-
8	2
9	3
10	4
11	5
12	6
13	7
14	8
15	9
16	10
17	11
18	12
19	13
20	14
21	15
22	16
23	17
24	18
25	19
26	20
27	21
28	22
29	23
30	24
31	25
32	26
33	27
34	28
35	29
36	30
37	31
38	32
39	33
40	34
41	35
42	36
43	37
44	38
45	39
46	40
47	41
48	42
49	43
50	44
51	45
-	46
52	47
53	48
54	49
55	50
56	51
57	52
58	53
59	54
60	55
61	56
62	57
63	58
64	59
65	60
66	61
67	62
68	63
69	64
70	65
71	66
72	67
73	68
74	69
75	70
-	71
76	72
77	73
78	74
79	75
80	76
81	77
82	78
83	79
84	80
85	81
86	82
87	83
88	84
89	85
90	86
91	87
92	88
-	89
93	90
94	91
95	92
96	93
97	94
98	95
99	96
100	97
101	98
102	99
103	100
104	101
105	102
106	103
107	104
108	105
109	106
110	107
111	108
112	109
113	110
114	111
115	112
116	113
117	114
118	115
119	116
-	117
120	118
121	119
122	120
123	121
124	122
125	123
126	124
127	125
128	126
129	127
130	128
131	129
132	130
133	131
134	132
135	133
136	134
137	-
138	-
139	-
140	-
141	135
142	136
143	137
144	138
145	139
146	140
147	141
148	142
149	143
150	144
151	145
152	146
153	147
154	148
155	149
156	-
157	150
158	151
159	152
160	153
161	154
162	155
163	156
164	157
165	158
166	159
167	160
168	161
169	162
170	163
171	164
172	165
173	166
174	167
175	168
176	169
177	170
178	171
179	172
180	173
181	174
182	175
183	176
184	177
185	178
186	179
187	180
188	181
189	182
190	183
191	184
192	185
193	186
194	187
195	188
196	189
197	190
198	191
199	192
200	193
201	194
202	195
203	196
204	197
205	198
206	199
207	200
208	201
209	202
210	203
211	204
212	205
213	206
214	207
215	208
216	209
217	210
218	211
219	212
220	213
221	214
222	215
223	216
224	217
225	218
226	219
227	220
228	221
229	222
230	223
231	224
232	225
233	226
234	227
235	228
236	229
237	230
238	231
239	232
240	233
241	234
242	235
243	236
244	237
245	238
246	239
247	240
248	241
249	242
250	243
251	244
252	245
253	246
254	247
255	248
256	249
257	250
258	251
259	-
260	252
261	253
262	254
263	255
264	256
-	257
265	258
266	259
267	260
268	261
269	262
270	263
271	264
272	265
273	266
274	267
275	268
276	269
277	270
278	271
279	272
280	273
281	274
282	275
283	276
284	277
285	278
286	279
287	280
288	281
289	282
290	283
291	284
292	285
293	286
294	287
295	288
296	289
297	290
298	291
299	292
300	293
301	294
302	295
303	296
304	297
305	298
306	299
307	300
308	301
309	302
310	303
311	304
312	305
313	306
314	307
315	308
316	309
317	310
318	311
319	312
320	313
321	314
322	315
323	316
-	317
