5	-
6	1
7	2
8	3
9	4
10	5
11	6
12	7
13	8
14	9
15	10
16	11
17	12
18	13
19	14
20	15
21	16
22	17
23	-
24	18
25	19
26	20
27	21
28	22
29	23
30	24
31	25
32	26
33	27
34	28
35	29
36	30
37	31
38	32
39	33
40	34
41	35
42	36
43	37
44	38
45	39
46	40
47	41
48	42
49	43
50	44
-	45
51	46
52	47
53	48
54	49
55	50
56	51
57	52
58	53
59	54
60	55
61	56
62	57
63	58
64	59
65	60
66	61
67	62
68	63
69	64
70	65
71	66
72	67
73	68
74	69
75	70
76	71
77	72
78	73
-	74
79	75
80	76
81	77
82	78
83	79
84	80
85	81
86	82
87	83
88	84
89	85
90	86
91	87
92	88
-	89
93	90
94	91
95	92
96	93
97	94
98	95
99	96
100	97
101	98
102	99
103	100
104	101
105	102
106	103
107	104
108	105
109	106
110	107
111	108
112	109
113	110
114	111
115	112
116	113
117	114
118	115
119	116
120	117
121	118
-	119
-	120
122	121
123	122
124	123
125	124
126	125
127	126
128	127
129	128
130	129
131	130
132	131
133	132
134	133
135	134
136	135
137	136
138	137
139	138
140	139
141	140
142	141
143	142
144	143
145	144
146	145
147	146
148	147
149	148
150	149
151	150
152	151
153	152
154	-
155	-
156	-
157	153
158	154
159	155
160	156
161	157
162	158
163	159
164	160
165	161
166	162
167	163
168	164
169	165
170	166
171	167
172	168
173	169
174	170
175	171
176	172
177	173
178	174
179	175
180	176
181	177
182	178
183	179
184	180
185	181
186	182
187	183
188	184
189	185
190	186
191	187
192	188
193	189
194	190
195	191
196	192
197	193
198	194
199	195
200	196
201	197
202	198
203	199
204	200
205	201
206	202
207	203
208	204
209	205
210	206
211	207
212	208
213	209
214	210
215	211
216	212
217	213
218	214
219	215
220	216
221	217
222	218
223	219
224	220
225	221
226	222
227	223
228	224
229	225
230	226
231	227
232	228
233	229
234	230
235	231
236	232
237	233
238	234
239	235
240	236
241	237
242	238
243	239
244	240
245	241
246	242
247	243
248	244
249	245
250	246
251	247
252	248
253	249
254	250
255	251
256	252
257	253
258	254
259	255
260	256
261	257
-	258
262	259
263	260
264	261
265	262
266	263
267	264
268	265
269	266
270	267
271	268
272	269
273	270
274	271
275	272
276	273
277	274
278	275
279	276
280	277
281	278
282	279
283	280
284	281
285	282
286	283
287	284
288	285
289	286
290	287
291	288
292	289
293	290
294	291
295	292
296	293
297	294
298	295
299	296
300	297
301	298
302	299
303	300
304	301
305	302
306	303
307	304
308	305
309	306
310	307
311	308
312	309
313	310
314	311
315	312
316	313
317	314
318	315
319	316
320	317
321	318
322	-
323	319
