5	-
6	-
7	1
8	2
9	3
10	4
11	5
12	6
13	7
14	8
15	9
16	10
17	11
18	12
19	13
20	14
21	15
22	16
23	17
24	18
25	19
26	20
27	21
28	22
29	23
30	24
31	25
32	26
33	27
34	28
35	29
36	30
37	31
38	32
39	33
40	34
41	35
42	36
43	37
44	38
45	39
46	40
47	41
48	42
49	43
50	44
-	45
51	46
52	47
53	48
54	49
55	50
56	51
57	52
58	53
59	54
60	55
61	56
62	57
63	58
64	59
65	60
66	61
67	62
68	63
69	64
70	65
71	66
72	67
73	68
74	69
75	70
76	71
77	72
-	73
78	74
79	75
80	76
81	77
82	78
83	79
84	80
85	81
86	82
87	83
88	84
89	85
90	86
91	87
92	88
-	89
93	90
94	91
95	92
96	93
97	94
98	95
99	96
100	97
101	98
102	99
103	100
104	101
105	102
106	103
107	104
108	105
109	106
110	107
111	108
112	109
113	110
114	111
115	112
116	113
117	114
118	115
119	116
-	117
120	118
121	119
-	120
122	121
123	122
124	123
125	124
126	125
127	126
128	127
129	128
130	129
131	130
132	131
133	132
134	133
135	134
136	135
137	136
-	137
138	138
139	139
140	140
141	141
142	142
143	143
144	144
145	145
146	146
147	147
148	148
149	149
150	150
151	151
152	152
153	153
154	-
155	-
156	-
157	154
158	155
159	156
160	157
161	158
162	159
163	160
164	161
165	162
166	163
167	164
168	165
169	166
170	167
171	168
172	169
173	170
174	171
175	172
176	173
177	174
178	175
179	176
180	177
181	178
182	179
183	180
184	181
185	182
186	183
187	184
188	185
189	186
190	187
191	188
192	189
193	190
194	191
195	192
196	193
197	194
198	195
199	196
200	197
201	198
202	199
203	200
204	201
205	202
206	203
207	204
208	205
209	206
210	207
211	208
212	209
213	210
214	211
215	212
216	213
217	214
218	215
219	216
220	217
221	218
222	219
223	220
224	221
225	222
226	223
227	224
228	225
229	226
230	227
231	228
232	229
233	230
234	231
235	232
236	233
237	234
238	235
239	236
240	237
241	238
242	239
243	240
244	241
245	242
246	243
247	244
248	245
249	246
250	247
251	248
252	249
253	250
254	251
255	252
256	253
257	254
258	255
259	256
260	257
261	258
262	259
263	260
264	261
-	262
265	263
266	264
267	265
268	266
269	267
270	268
271	269
272	270
273	271
274	272
275	273
276	274
277	275
278	276
279	277
280	278
281	279
282	280
283	281
284	282
285	283
286	284
287	285
288	286
289	287
290	288
291	289
292	290
293	291
294	292
295	293
296	294
297	295
298	296
299	297
300	298
301	299
302	300
303	301
304	302
305	303
306	304
307	305
308	306
309	307
310	308
311	309
312	310
313	311
314	312
315	313
316	314
317	315
318	316
319	317
320	318
321	319
322	320
323	321
-	322
