5	-1
6	0
7	1
8	2
9	3
10	4
11	5
12	6
13	7
14	8
15	9
16	10
17	11
18	12
19	13
20	14
21	15
22	16
23	17
24	18
25	19
26	20
27	21
28	22
29	23
30	24
31	25
32	26
33	27
34	28
35	29
36	30
37	31
38	32
39	33
40	34
41	35
42	36
43	37
44	38
45	39
46	40
47	41
48	42
49	43
50	44
51	45
-	46
52	47
53	48
54	49
55	50
56	51
57	52
58	53
59	54
60	55
61	56
62	57
63	58
64	59
65	60
66	61
67	62
68	63
69	64
70	65
71	66
72	67
73	68
74	69
75	70
76	71
77	72
78	73
-	74
79	75
80	76
81	77
82	78
83	79
84	80
85	81
86	82
87	83
88	84
89	85
90	86
91	87
92	88
-	89
93	90
94	91
95	92
96	93
97	94
98	95
99	96
100	97
101	98
102	99
103	100
104	101
105	102
106	103
107	104
108	105
109	106
110	107
111	108
112	109
113	110
114	111
115	112
116	113
117	114
118	115
119	116
-	117
120	118
121	119
-	120
122	121
123	122
124	123
125	124
126	125
127	126
128	127
129	128
130	129
131	130
132	131
133	132
134	133
135	134
136	135
137	136
138	137
139	138
140	139
141	140
142	141
143	142
144	143
145	144
146	145
147	146
148	147
149	148
150	149
151	150
152	151
153	152
154	-
155	153
156	154
157	155
158	156
159	157
160	158
161	159
162	160
163	161
164	162
165	163
166	164
167	165
168	166
169	167
170	168
171	169
172	170
173	171
174	172
175	173
176	174
177	175
178	176
179	177
180	178
181	179
182	180
183	181
184	182
185	183
186	184
187	185
188	186
189	187
190	188
191	189
192	190
193	191
194	192
195	193
196	194
197	195
198	196
199	197
200	198
201	199
202	200
203	201
204	202
205	203
206	204
207	205
208	206
209	207
210	208
211	209
212	210
213	211
214	212
215	213
216	214
217	215
218	216
219	217
220	218
221	219
222	220
223	221
224	222
225	223
226	224
227	225
228	226
229	227
230	228
231	229
232	230
233	231
234	232
235	233
236	234
237	235
238	236
239	237
240	238
241	239
242	240
243	241
244	242
245	243
246	244
247	245
248	246
249	247
250	248
251	249
252	250
253	251
254	252
255	253
256	254
257	255
258	256
259	257
260	258
261	259
262	260
263	261
264	262
265	263
266	264
267	265
268	266
269	267
270	268
271	269
272	270
273	271
274	272
275	273
276	274
277	275
278	276
279	277
280	278
281	279
282	280
283	281
284	282
285	283
286	284
287	285
288	286
289	287
290	288
291	289
292	290
293	291
294	292
295	293
296	294
297	295
298	296
299	297
300	298
301	299
302	300
303	301
304	302
305	303
306	304
307	305
308	306
309	307
310	308
311	309
312	310
313	311
314	312
315	313
316	314
317	315
318	316
319	317
320	318
321	319
322	320
323	321
-	322
