-	5
-	6
1	7
2	8
3	9
4	10
5	11
6	12
7	13
8	14
9	15
10	16
11	17
12	18
13	19
14	20
15	21
16	22
17	23
18	24
19	25
20	26
21	27
22	28
23	29
24	30
25	31
26	32
27	33
28	34
29	35
30	36
31	37
32	38
33	39
34	40
35	41
36	42
37	43
38	44
39	45
40	46
41	47
42	48
43	49
44	50
45	-
46	51
47	52
48	53
49	54
50	55
51	56
52	57
53	58
54	59
55	60
56	61
57	62
58	63
59	64
60	65
61	66
62	67
63	68
64	69
65	70
66	71
67	72
68	73
69	74
70	75
71	-
72	76
73	77
74	78
75	79
76	80
77	81
78	82
79	83
80	84
81	85
82	86
83	87
84	88
85	89
86	90
87	91
88	92
89	-
90	93
91	94
92	95
93	96
94	97
95	98
96	99
97	100
98	101
99	102
100	103
101	104
102	105
103	106
104	107
105	108
106	109
107	110
108	111
109	112
110	113
111	114
112	115
113	116
114	117
115	118
116	119
117	120
118	121
119	-
120	-
121	122
122	123
123	124
124	125
125	126
126	127
127	128
128	129
129	-
130	130
131	131
132	132
133	133
134	134
135	135
136	136
137	137
138	138
139	139
140	140
141	141
142	142
143	143
144	144
145	145
146	146
147	147
148	148
149	149
150	150
151	151
152	152
153	153
154	154
155	155
156	156
157	157
158	158
159	159
160	160
161	161
162	162
163	163
164	164
165	165
166	166
167	167
168	168
169	169
170	170
171	171
172	172
173	173
174	174
175	175
176	176
177	177
178	178
179	179
180	180
181	181
182	182
183	183
184	184
185	185
186	186
187	187
188	188
189	189
190	190
191	191
192	192
193	193
194	194
195	195
196	196
197	197
198	198
199	199
200	200
201	201
202	202
203	203
204	204
205	205
206	206
207	207
208	208
209	209
210	210
211	211
212	212
213	213
214	214
215	215
216	216
217	217
218	218
219	219
220	220
221	221
222	222
223	223
224	224
225	225
226	226
227	227
228	228
229	229
230	230
231	231
232	232
233	233
234	234
235	235
236	236
237	237
238	238
239	239
240	240
241	241
242	242
243	243
244	244
245	245
246	246
247	247
248	248
249	249
250	250
251	251
252	252
253	253
254	254
255	255
256	256
257	257
258	258
259	259
260	260
261	261
262	262
263	-
264	263
265	264
266	265
267	266
268	267
269	268
270	269
271	270
272	271
273	272
274	273
275	274
276	275
277	276
278	277
279	278
280	279
281	280
282	281
283	282
284	283
285	284
286	285
287	286
288	287
289	288
290	289
291	290
292	291
293	292
294	293
295	294
296	295
297	296
298	297
299	298
300	299
301	300
302	301
303	302
304	303
305	304
306	305
307	306
308	307
309	308
310	309
311	310
312	311
313	312
314	313
315	314
316	315
317	316
318	317
319	318
320	319
321	320
322	321
323	322
324	323
