-	1
1	2
2	3
3	4
4	5
5	6
6	7
7	8
8	9
9	10
10	11
11	12
12	13
13	14
14	15
15	16
16	17
17	18
18	19
19	20
20	21
21	22
22	23
23	24
24	25
25	26
26	27
27	28
28	29
29	30
30	31
31	32
32	33
33	34
34	35
35	36
36	37
37	38
38	39
39	40
40	41
41	42
42	43
43	44
44	45
45	-
46	46
47	47
48	48
49	49
50	50
51	51
52	52
53	53
54	54
55	55
56	56
57	57
58	58
59	59
60	60
61	61
62	62
63	63
64	64
65	65
66	66
67	67
68	68
69	69
70	70
71	71
72	-
73	72
74	73
75	74
76	75
77	76
78	77
79	78
80	79
81	80
82	81
83	82
84	83
85	84
86	-
87	85
88	86
89	87
90	88
91	89
92	90
93	91
94	92
95	93
96	94
97	95
98	96
99	97
100	98
101	99
102	100
103	101
104	102
105	103
106	104
107	105
108	106
109	107
110	108
111	109
112	110
113	111
114	112
115	113
116	114
117	115
118	116
119	-
120	-
121	117
122	118
123	119
124	120
-	121
125	122
126	123
127	124
128	125
129	-
130	126
131	127
132	128
133	129
134	130
135	131
136	132
137	133
138	134
139	135
140	136
141	137
142	138
143	139
144	140
145	141
146	142
147	143
148	144
149	145
150	146
151	147
152	148
153	149
154	150
155	151
-	152
156	153
157	154
158	155
159	156
160	157
161	158
162	159
163	160
164	161
165	162
166	163
167	164
168	165
169	166
170	167
171	168
172	169
173	170
174	171
175	172
176	173
177	174
178	175
179	176
180	177
181	178
182	179
183	180
184	181
185	182
186	183
187	184
188	185
189	186
190	187
191	188
192	189
193	190
194	191
195	192
196	193
197	194
198	195
199	196
200	197
201	198
202	199
203	200
204	201
205	202
206	203
207	204
208	205
209	206
210	207
211	208
212	209
213	210
214	211
215	212
216	213
217	214
218	215
219	216
220	217
221	218
222	219
223	220
224	221
225	222
226	223
227	224
228	225
229	226
230	227
231	228
232	229
233	230
234	231
235	232
236	233
237	234
238	235
239	236
240	237
241	238
242	239
243	240
244	241
245	242
246	243
247	244
248	245
249	246
250	247
251	248
252	249
253	250
254	251
255	252
256	253
257	254
258	255
259	256
260	257
261	-
262	-
263	-
264	258
265	259
266	260
267	261
268	262
269	263
270	264
271	265
272	266
273	267
274	268
275	269
276	270
277	271
278	272
279	273
280	274
281	275
282	276
283	277
-	278
284	279
285	280
286	281
287	282
288	283
289	284
290	285
291	286
292	287
293	288
294	289
295	290
296	291
297	292
298	293
299	294
300	295
301	296
302	297
303	298
304	299
305	300
306	301
307	302
308	303
309	304
310	305
311	306
312	307
313	308
314	309
315	310
316	311
317	312
318	313
319	314
320	315
321	316
322	317
323	318
324	319
