1	1
2	2
3	3
4	4
5	5
6	6
7	7
8	8
9	9
10	10
-	11
11	12
12	13
13	14
14	15
15	16
16	17
17	18
18	19
19	-
20	-
21	20
22	21
23	22
24	23
25	24
26	25
27	26
-	27
28	28
29	29
30	30
31	31
32	32
33	33
34	34
35	35
36	36
37	37
38	38
39	39
40	40
41	41
42	42
43	43
44	44
-	45
45	46
46	47
47	48
48	49
49	50
50	51
51	52
52	53
53	54
54	55
55	56
56	57
57	58
58	59
59	60
60	61
61	62
62	63
63	64
64	65
65	66
66	67
67	68
68	69
69	70
70	71
71	72
72	73
73	74
74	75
75	76
76	77
-	78
77	79
78	80
79	81
80	82
81	83
82	84
83	85
-	86
84	87
85	88
86	89
87	90
88	91
89	92
90	93
91	94
92	95
93	96
94	97
95	98
96	99
97	100
98	101
99	102
100	103
101	104
102	105
103	106
104	107
105	108
106	109
107	110
108	111
109	112
110	113
111	114
112	115
113	116
114	117
115	118
-	119
-	120
-	121
116	122
117	123
118	124
119	125
120	126
121	127
122	128
123	129
-	130
124	131
125	132
126	133
127	134
128	135
129	136
130	137
131	138
132	139
-	140
133	141
134	142
135	143
136	144
137	145
138	146
139	147
140	148
141	149
142	150
143	151
144	152
145	153
146	154
147	155
148	-
149	-
150	156
151	157
152	158
153	159
154	160
155	161
156	162
157	163
158	164
159	165
160	166
161	167
162	168
163	169
164	170
165	171
166	172
167	173
168	174
169	175
170	176
171	177
172	178
173	179
174	180
175	181
176	182
177	183
178	184
179	185
180	186
181	187
182	188
183	189
184	190
185	191
186	192
187	193
188	194
189	195
190	196
191	197
192	198
193	199
194	200
195	201
196	202
197	203
198	204
199	205
200	206
201	207
202	208
203	209
204	210
205	211
206	212
207	213
208	214
209	215
210	216
211	217
212	218
213	219
214	220
215	221
216	222
217	223
218	224
219	225
220	226
221	227
222	228
223	229
224	230
225	231
226	232
227	233
228	234
229	235
230	236
231	237
232	238
233	239
234	240
235	241
236	242
237	243
238	244
239	245
240	246
241	247
242	248
243	249
244	250
245	251
246	252
247	253
248	254
249	255
250	256
251	257
252	258
253	259
254	260
255	261
-	262
256	263
257	264
258	265
259	266
260	267
261	268
262	269
263	270
264	271
265	272
266	273
267	274
268	275
269	276
270	277
271	278
272	279
273	280
274	281
275	282
276	283
277	284
278	285
279	286
280	287
281	288
282	289
283	290
284	291
285	292
286	293
287	294
288	295
289	296
290	297
291	298
292	299
293	300
294	301
295	302
296	303
297	304
298	305
299	306
300	307
301	308
302	309
303	310
304	311
305	312
306	313
307	314
308	315
309	316
310	317
311	318
312	319
313	320
314	321
-	322
315	323
-	324
