1	1
2	2
3	3
4	4
5	5
6	6
7	7
8	8
9	9
-	10
10	11
11	12
12	13
13	14
14	15
15	16
16	17
17	18
18	19
19	-
20	20
21	21
22	22
23	23
24	24
25	25
26	26
27	27
28	28
29	29
30	30
31	31
32	32
33	33
34	34
35	35
36	36
37	37
38	38
39	39
40	40
41	41
42	42
43	43
44	44
45	45
-	46
46	47
47	48
48	49
49	50
50	51
51	52
52	53
53	54
54	55
55	56
56	57
57	58
58	59
59	60
60	61
61	62
62	63
63	64
64	65
65	66
66	67
67	68
68	69
69	70
70	71
71	72
72	73
73	74
74	75
75	76
76	77
77	78
78	79
79	80
80	81
81	82
-	83
82	84
83	85
-	86
84	87
85	88
86	89
87	90
88	91
89	92
90	93
91	94
92	95
93	96
94	97
95	98
96	99
97	100
98	101
99	102
100	103
101	104
102	105
103	106
104	107
105	108
106	109
107	110
108	111
109	112
110	113
111	114
112	115
113	116
114	117
115	118
116	119
-	120
117	121
118	122
119	123
120	124
121	125
122	126
123	127
124	128
125	129
126	130
127	131
128	132
129	133
130	134
131	135
-	136
132	137
-	138
133	139
134	140
135	141
136	142
137	143
138	144
139	145
140	146
141	147
142	148
143	149
144	150
145	151
146	152
147	153
148	154
149	-
150	155
151	156
152	157
153	158
154	159
155	160
156	161
157	162
158	163
159	164
160	165
161	166
162	167
163	168
164	169
165	170
166	171
167	172
168	173
169	174
170	175
171	176
172	177
173	178
174	179
175	180
176	181
177	182
178	183
179	184
180	185
181	186
182	187
183	188
184	189
185	190
186	191
187	192
188	193
189	194
190	195
191	196
192	197
193	198
194	199
195	200
196	201
197	202
198	203
199	204
200	205
201	206
202	207
203	208
204	209
205	210
206	211
207	212
208	213
209	214
210	215
211	216
212	217
213	218
214	219
215	220
216	221
217	222
218	223
219	224
220	225
221	226
222	227
223	228
224	229
225	230
226	231
227	232
228	233
229	234
230	235
231	236
232	237
233	238
234	239
235	240
236	241
237	242
238	243
239	244
240	245
241	246
242	247
243	248
244	249
245	250
246	251
247	252
248	253
249	254
250	255
251	256
252	257
253	258
254	259
255	260
256	261
-	262
257	263
258	264
259	265
-	266
260	267
261	268
-	269
262	270
263	271
264	272
265	273
266	274
267	-
268	275
269	276
270	277
271	278
272	279
273	280
274	281
275	282
276	283
277	284
278	285
279	286
280	287
281	288
282	289
283	290
284	291
285	292
286	293
287	294
288	295
289	296
290	297
291	298
292	299
293	300
294	301
295	302
296	303
297	304
298	305
299	306
300	307
301	308
302	309
303	310
304	311
305	312
306	313
307	314
308	315
309	316
310	317
311	318
312	319
313	320
314	321
315	322
-	323
