1	1
2	2
3	3
4	4
5	5
6	6
7	7
8	8
9	9
10	10
11	11
12	12
13	13
14	14
15	15
16	16
17	17
18	18
19	19
20	20
21	21
22	22
23	23
24	24
25	25
26	26
27	27
28	28
29	29
30	30
31	31
32	32
33	33
34	34
35	35
36	36
37	37
38	38
39	39
40	40
41	41
42	42
43	43
44	44
45	45
-	46
46	47
47	48
48	49
49	50
50	51
51	52
52	53
53	54
54	55
55	56
56	57
57	58
58	59
59	60
60	61
61	62
62	63
63	64
64	65
65	66
66	67
67	68
68	69
69	70
70	71
71	72
72	73
73	74
74	75
75	76
76	77
77	78
78	79
79	80
80	81
-	82
81	83
82	84
83	85
-	86
84	87
85	88
86	89
87	90
88	91
89	92
90	93
91	94
92	95
93	96
94	97
95	98
96	99
97	100
98	101
99	102
100	103
101	104
102	105
103	106
104	107
105	108
106	109
107	110
108	111
109	112
110	113
111	114
112	115
113	116
114	117
115	118
-	119
116	120
117	121
118	122
119	123
120	124
121	125
122	126
123	127
124	128
125	129
126	130
127	131
128	132
129	133
130	134
131	-
132	-
133	-
134	135
135	136
136	137
137	138
138	139
139	140
140	141
141	142
142	143
143	144
144	145
145	146
146	147
147	148
148	-
149	-
150	149
151	150
152	151
153	152
154	153
155	154
156	155
157	156
158	157
159	158
160	159
161	160
162	161
163	162
164	163
165	164
166	165
167	166
168	167
169	168
170	169
171	170
172	171
173	172
174	173
175	174
176	175
177	176
178	177
179	178
180	179
181	180
182	181
183	182
184	183
185	184
186	185
187	186
188	187
189	188
190	189
191	190
192	191
193	192
194	193
195	194
196	195
197	196
198	197
199	198
200	199
201	200
202	201
203	202
204	203
205	204
206	205
207	206
208	207
209	208
210	209
211	210
212	211
213	212
214	213
215	214
216	215
217	216
218	217
219	218
220	219
221	220
222	221
223	222
224	223
225	224
226	225
227	226
228	227
229	228
230	229
231	230
232	231
233	232
234	233
235	234
236	235
237	236
238	237
239	238
240	239
241	240
242	241
243	242
244	243
245	244
246	245
247	246
248	247
249	248
250	249
251	250
252	251
253	252
254	253
255	254
256	255
-	256
257	257
258	258
259	259
-	260
260	261
261	262
262	263
263	264
264	265
265	266
266	267
267	-
268	268
269	269
270	270
271	271
272	272
273	273
274	274
275	275
276	276
277	277
278	278
279	279
280	280
281	281
282	282
283	283
284	284
285	285
286	286
287	287
288	288
289	289
290	290
291	291
292	292
293	293
294	294
295	295
296	296
297	297
298	298
299	299
300	300
301	301
302	302
303	303
304	304
305	305
306	306
307	307
308	308
309	309
310	310
311	311
312	312
313	313
314	314
315	315
-	316
-	317
