1	0
-	1
2	2
3	3
4	4
5	5
6	6
7	7
-	8
8	9
9	10
10	11
11	12
12	13
13	14
14	15
15	16
16	17
17	18
18	19
19	-
20	20
21	21
22	22
23	23
24	24
25	25
26	26
27	27
28	28
29	29
30	30
31	31
32	32
33	33
34	34
35	35
36	36
37	37
38	38
39	39
40	40
41	41
42	42
43	43
-	44
44	45
45	46
46	47
47	48
48	49
49	50
50	51
51	52
52	53
53	54
54	55
55	56
56	57
57	58
58	59
59	60
60	61
61	62
62	63
63	64
64	65
65	66
66	67
67	68
68	69
69	70
70	71
71	72
72	73
73	74
74	75
75	76
76	77
77	78
78	79
79	80
80	81
81	82
-	83
82	84
83	85
-	86
84	87
85	88
86	89
87	90
88	91
89	92
90	93
91	94
92	95
93	96
94	97
95	98
96	99
97	100
98	101
99	102
100	103
101	104
102	105
-	106
103	107
104	108
105	109
106	110
107	111
108	112
109	113
110	114
111	115
112	116
113	117
114	118
115	119
-	120
116	121
117	122
118	123
119	124
120	125
121	126
122	-
123	127
124	128
125	129
126	130
127	131
128	132
129	133
130	134
131	135
-	136
132	137
133	138
134	139
135	140
136	141
137	142
138	143
139	144
140	145
141	146
142	147
143	148
144	149
145	150
146	151
147	152
148	-
149	-
150	153
151	154
152	155
153	156
154	157
155	158
156	159
157	160
158	161
159	162
160	163
161	164
162	165
163	166
164	167
165	168
166	169
167	170
168	171
169	172
170	173
171	174
172	175
173	176
174	177
175	178
176	179
177	180
178	181
179	182
180	183
181	184
182	185
183	186
184	187
185	188
186	189
187	190
188	191
189	192
190	193
191	194
192	195
193	196
194	197
195	198
196	199
197	200
198	201
199	202
200	203
201	204
202	205
203	206
204	207
205	208
206	209
207	210
208	211
209	212
210	213
211	214
212	215
213	216
214	217
215	-
216	218
217	219
218	220
219	221
220	222
221	223
222	224
223	225
224	226
225	227
226	228
227	229
228	230
229	231
230	232
231	233
232	234
233	235
234	236
235	237
236	238
237	239
238	240
239	241
240	242
241	243
242	244
243	245
244	246
245	247
246	248
247	249
248	250
249	251
250	252
251	253
252	254
253	255
254	256
255	257
256	258
257	259
258	260
-	261
259	262
260	263
261	264
-	265
262	266
263	267
264	268
265	269
266	270
267	-
268	271
269	272
270	273
271	274
272	275
273	276
274	277
275	278
276	279
277	280
278	281
279	282
280	283
281	284
282	285
283	286
284	287
285	288
286	289
287	290
288	291
289	292
290	293
291	294
292	295
293	296
294	297
295	298
296	299
297	300
298	301
299	302
300	303
301	304
302	305
303	306
304	307
305	308
306	309
307	310
308	311
309	312
310	313
311	314
312	315
313	316
314	317
315	318
-	319
-	320
-	321
-	322
-	323
