1	1
2	2
3	3
4	4
5	5
6	6
7	7
8	8
9	9
10	-
11	10
12	11
13	12
14	13
15	14
16	15
17	16
18	17
19	18
-	19
20	20
21	21
22	22
23	23
24	24
25	25
26	26
27	27
28	28
29	29
30	30
31	31
32	32
33	33
34	34
35	35
36	36
37	37
38	38
39	39
40	40
41	41
42	42
43	43
44	44
45	45
46	-
47	46
48	47
49	48
50	49
51	50
52	51
53	52
54	53
55	54
56	55
57	56
58	57
59	58
60	59
61	60
62	61
63	62
64	63
65	64
66	65
67	66
68	67
69	68
70	69
71	70
72	71
73	72
74	73
75	74
76	75
77	76
78	77
79	78
80	79
81	80
82	81
83	-
84	82
85	83
86	-
87	84
88	85
89	86
90	87
91	88
92	89
93	90
94	91
95	92
96	93
97	94
98	95
99	96
100	97
101	98
102	99
103	100
104	101
105	102
106	103
107	104
108	105
109	106
110	107
111	108
112	109
113	110
114	111
115	112
116	113
117	114
118	115
119	116
120	-
121	117
122	118
123	119
124	120
125	121
126	122
127	123
128	124
129	125
130	126
131	127
132	128
133	129
134	130
135	131
136	-
137	132
138	-
139	133
140	134
141	135
142	136
143	137
144	138
145	139
146	140
147	141
148	142
149	143
150	144
151	145
152	146
153	147
154	148
-	149
155	150
156	151
157	152
158	153
159	154
160	155
161	156
162	157
163	158
164	159
165	160
166	161
167	162
168	163
169	164
170	165
171	166
172	167
173	168
174	169
175	170
176	171
177	172
178	173
179	174
180	175
181	176
182	177
183	178
184	179
185	180
186	181
187	182
188	183
189	184
190	185
191	186
192	187
193	188
194	189
195	190
196	191
197	192
198	193
199	194
200	195
201	196
202	197
203	198
204	199
205	200
206	201
207	202
208	203
209	204
210	205
211	206
212	207
213	208
214	209
215	210
216	211
217	212
218	213
219	214
220	215
221	216
222	217
223	218
224	219
225	220
226	221
227	222
228	223
229	224
230	225
231	226
232	227
233	228
234	229
235	230
236	231
237	232
238	233
239	234
240	235
241	236
242	237
243	238
244	239
245	240
246	241
247	242
248	243
249	244
250	245
251	246
252	247
253	248
254	249
255	250
256	251
257	252
258	253
259	254
260	255
261	256
262	-
263	257
264	258
265	259
266	-
267	260
268	261
269	-
270	262
271	263
272	264
273	265
274	266
-	267
275	268
276	269
277	270
278	271
279	272
280	273
281	274
282	275
283	276
284	277
285	278
286	279
287	280
288	281
289	282
290	283
291	284
292	285
293	286
294	287
295	288
296	289
297	290
298	291
299	292
300	293
301	294
302	295
303	296
304	297
305	298
306	299
307	300
308	301
309	302
310	303
311	304
312	305
313	306
314	307
315	308
316	309
317	310
318	311
319	312
320	313
321	314
322	315
323	-
