-	8
-	9
1	10
2	11
3	12
4	13
5	14
6	15
7	16
8	17
9	18
10	19
11	20
12	21
13	22
14	23
15	24
16	25
17	26
18	27
19	28
20	29
21	30
22	31
23	32
24	33
25	34
26	35
27	36
28	37
29	38
30	39
31	40
32	41
33	42
34	43
35	44
36	45
37	46
38	47
39	48
40	49
41	50
42	51
43	52
44	53
45	54
46	-
47	55
48	56
49	57
50	58
51	59
52	60
53	61
54	62
55	63
56	64
57	65
58	66
59	67
60	68
61	69
62	70
63	71
64	72
65	73
66	74
67	75
68	76
69	77
70	78
71	79
72	80
73	81
74	-
75	82
76	83
77	84
78	85
79	86
80	87
81	88
82	89
83	90
84	91
85	92
86	93
87	94
88	95
89	-
90	96
91	97
92	98
93	99
94	100
95	101
96	102
97	103
98	104
99	105
100	106
101	107
102	108
103	109
104	110
105	111
106	112
107	113
108	114
109	115
110	116
111	117
112	118
113	119
114	120
115	121
116	122
117	123
118	124
119	125
120	-
121	126
122	127
123	128
124	129
125	130
126	131
127	132
128	133
129	134
130	135
131	136
132	137
133	138
134	139
135	140
136	-
137	141
138	142
139	143
140	144
141	145
142	146
143	147
144	148
145	149
146	150
147	151
148	152
149	153
150	154
151	155
152	156
153	157
154	158
155	159
156	160
157	161
158	162
159	163
160	164
161	165
162	166
163	167
164	168
165	169
166	170
167	171
168	172
169	173
170	174
171	175
172	176
173	177
174	178
175	179
176	180
177	181
178	182
179	183
180	184
181	185
182	186
183	187
184	188
185	189
186	190
187	191
188	192
189	193
190	194
191	195
192	196
193	197
194	198
195	199
196	200
197	201
198	202
199	203
200	204
201	205
202	206
203	207
204	208
205	209
206	210
207	211
208	212
209	213
210	214
211	215
212	216
213	217
214	218
215	219
216	220
217	221
218	222
219	223
220	224
221	225
222	226
223	227
224	228
225	229
226	230
227	231
228	232
229	233
230	234
231	235
232	236
233	237
234	238
235	239
236	240
237	241
238	242
239	243
240	244
241	245
242	246
243	247
244	248
245	249
246	250
247	251
248	252
249	253
250	254
251	255
252	256
253	257
254	258
255	259
256	260
257	261
258	262
259	263
260	264
261	265
262	266
263	267
264	268
265	269
266	270
267	271
268	272
269	-
270	273
271	274
272	275
273	276
274	277
275	278
276	279
277	280
278	281
279	282
280	283
281	284
282	285
283	286
284	287
285	288
286	289
287	290
288	291
289	292
290	293
291	294
292	295
293	296
294	297
295	298
296	299
297	300
298	301
299	302
300	303
301	304
302	305
303	306
304	307
305	308
306	309
307	310
308	311
309	312
310	313
311	314
312	315
313	316
314	317
315	318
316	319
317	320
318	321
319	322
320	323
321	324
322	325
323	326
