-	9
-	10
1	11
2	12
3	13
4	14
5	15
6	16
7	17
8	18
9	19
10	20
11	21
12	-
13	22
14	23
15	24
16	25
17	26
18	27
19	28
-	29
-	30
20	31
21	32
22	33
23	34
24	35
25	-
26	36
27	37
28	38
29	39
30	40
31	41
32	42
33	43
34	44
35	45
36	46
37	47
38	48
39	49
40	50
41	51
42	52
43	53
44	54
45	55
46	-
47	56
48	57
49	58
50	59
51	60
52	61
53	62
54	63
55	64
56	65
57	66
58	67
59	68
60	69
61	70
62	71
63	72
64	73
65	74
66	75
67	76
68	77
69	78
70	79
71	80
72	81
73	82
74	-
75	83
76	84
77	85
78	86
79	87
80	88
81	89
82	90
83	91
84	92
85	93
86	94
87	95
88	96
89	-
90	97
91	98
92	99
93	100
94	101
95	102
96	103
97	104
98	105
99	106
100	107
101	108
102	109
103	110
104	111
105	112
106	113
107	114
108	115
109	116
110	117
111	118
112	119
113	120
114	121
115	122
116	123
117	124
118	125
119	126
120	-
121	127
122	128
123	129
124	130
125	131
126	132
127	133
128	134
129	135
130	136
131	137
132	138
133	139
134	140
135	141
136	-
137	142
138	143
139	144
140	145
141	146
142	147
143	148
144	149
145	150
146	151
147	152
148	153
149	154
150	155
151	156
152	157
153	-
154	158
155	159
156	160
157	161
158	162
159	163
160	164
161	165
162	166
163	167
164	168
165	169
166	170
167	171
168	172
169	173
170	174
171	175
172	176
173	177
174	178
175	179
176	180
177	181
178	182
179	183
180	184
181	185
182	186
183	187
184	188
185	189
186	190
187	191
188	192
189	193
190	194
191	195
192	196
193	197
194	198
195	199
196	200
197	201
198	202
199	203
200	204
201	205
202	206
203	207
204	208
205	209
206	210
207	211
208	212
209	213
210	214
211	215
212	216
213	217
214	218
215	219
216	220
217	221
218	222
219	223
220	224
221	225
222	226
223	227
224	228
225	229
226	230
227	231
228	232
229	233
230	234
231	235
232	236
233	237
234	238
235	239
236	240
237	241
238	242
239	243
240	244
241	245
242	246
243	247
244	248
245	249
246	250
247	251
248	252
249	253
250	254
251	255
252	256
253	257
254	258
255	259
256	260
257	261
258	262
259	263
260	264
261	265
262	-
263	266
264	267
265	268
266	269
267	270
268	271
269	-
270	272
271	273
272	274
273	275
274	276
275	277
276	278
277	279
278	280
279	281
280	282
281	283
282	284
283	285
284	286
285	287
286	288
287	289
288	290
289	291
290	292
291	293
292	294
293	295
294	296
295	297
296	298
297	299
298	300
299	301
300	302
301	303
302	304
303	305
304	306
305	307
306	308
307	309
308	310
309	311
310	312
311	313
312	314
313	315
314	316
315	317
316	318
317	319
318	320
319	321
320	322
321	323
322	324
323	325
-	326
