-	1
1	2
2	3
3	4
4	5
5	6
6	7
7	8
8	9
9	10
10	11
11	12
12	13
13	14
14	15
15	16
16	17
17	18
18	19
19	20
20	21
21	22
22	23
23	24
24	25
25	26
26	27
27	28
28	29
29	30
30	31
31	32
32	33
33	34
34	35
35	36
36	37
37	38
38	39
39	40
40	41
41	42
42	43
43	44
44	45
45	46
46	-
47	47
48	48
49	49
50	50
51	51
52	52
53	53
54	54
55	55
56	56
57	57
58	58
59	59
60	60
61	61
62	62
63	63
64	64
65	65
66	66
67	67
68	68
69	69
70	70
71	71
72	72
73	73
74	74
75	75
76	76
77	77
78	78
79	79
80	80
81	81
82	82
83	-
84	83
85	84
86	-
87	85
88	86
89	87
90	88
91	89
92	90
93	91
94	92
95	93
96	94
97	95
98	96
99	97
100	98
101	99
102	100
103	101
104	102
105	103
106	104
107	105
108	106
109	107
110	108
111	109
112	110
113	111
114	112
115	113
116	114
117	115
118	116
119	117
120	118
121	119
122	120
123	121
124	122
125	123
126	124
127	125
128	126
129	127
130	128
131	129
132	130
133	131
134	132
135	133
136	-
137	134
138	135
139	136
140	137
141	138
142	139
143	140
144	141
145	142
146	143
147	144
148	145
149	146
150	147
151	148
152	149
153	150
154	151
-	152
155	153
156	154
157	155
158	156
159	157
160	158
161	159
162	160
163	161
164	162
165	163
166	164
167	165
168	166
169	167
170	168
171	169
172	170
173	171
174	172
175	173
176	174
177	175
178	176
179	177
180	178
181	179
182	180
183	181
184	182
185	183
186	184
187	185
188	186
189	187
190	188
191	189
192	190
193	191
194	192
195	193
196	194
197	195
198	196
199	197
200	198
201	199
202	200
203	201
204	202
205	203
206	204
207	205
208	206
209	207
210	208
211	209
212	210
213	211
214	212
215	213
216	214
217	215
218	216
219	217
220	218
221	219
222	220
223	221
224	222
225	223
226	224
227	225
228	226
229	227
230	228
231	229
232	230
233	231
234	232
235	233
236	234
237	235
238	236
239	237
240	238
241	239
242	240
243	241
244	242
245	243
246	244
247	245
248	246
249	247
250	248
251	249
252	250
253	251
254	252
255	253
256	254
257	255
258	256
259	257
260	258
261	259
262	-
263	260
264	261
265	262
266	-
267	263
268	264
269	-
270	265
271	266
272	267
273	268
274	269
-	270
275	271
276	272
277	273
278	274
279	275
280	276
281	277
282	278
283	279
284	280
285	281
286	282
287	283
288	284
289	285
290	286
291	287
292	288
293	289
294	290
295	291
296	292
297	293
298	294
299	295
300	296
301	297
302	298
303	299
304	300
305	301
306	302
307	303
308	304
309	305
310	306
311	307
312	308
313	309
314	310
315	311
316	312
317	313
318	314
319	315
320	316
321	317
322	318
323	319
