1	1
-	2
2	3
3	4
4	5
5	6
6	7
7	8
8	9
9	10
10	11
11	12
12	13
13	14
14	15
15	16
16	17
17	18
18	19
19	20
20	21
21	22
22	23
23	24
24	25
25	26
26	27
27	28
28	29
29	30
30	31
31	32
32	33
33	34
34	35
35	36
36	37
37	38
38	39
39	40
40	41
41	42
42	43
43	44
44	45
45	46
46	-
47	47
48	48
49	49
50	50
51	51
52	52
53	53
54	54
55	55
56	56
57	57
58	58
59	59
60	60
61	61
62	62
63	63
64	64
65	65
66	66
67	67
68	68
69	69
70	70
71	71
72	72
73	73
74	74
75	75
76	76
77	77
78	78
79	79
80	80
81	81
82	82
83	83
84	-
85	84
86	-
87	85
88	86
89	87
90	88
91	89
92	90
93	91
94	92
95	93
96	94
97	95
98	96
99	97
100	98
101	99
102	100
103	101
104	102
105	103
106	104
107	105
108	106
109	107
110	108
111	109
112	110
113	111
114	112
115	113
116	114
117	115
118	116
119	-
120	-
121	117
122	118
123	119
-	120
-	121
124	122
125	123
126	124
127	125
128	126
129	127
130	128
131	129
132	130
133	131
134	132
-	133
-	134
-	135
-	136
135	137
136	138
137	139
138	140
139	141
140	142
141	143
142	144
143	145
144	146
145	147
146	148
147	149
148	150
-	151
-	152
149	153
150	154
151	155
152	156
153	157
154	158
155	159
156	160
157	161
158	162
159	163
160	164
161	165
162	166
163	167
164	168
165	169
166	170
167	171
168	172
169	173
170	174
171	175
172	176
173	177
174	178
175	179
176	180
177	181
178	182
179	183
180	184
181	185
182	186
183	187
184	188
185	189
186	190
187	191
188	192
189	193
190	194
191	195
192	196
193	197
194	198
195	199
196	200
197	201
198	202
199	203
200	204
201	205
202	206
203	207
204	208
205	209
206	210
207	211
208	212
209	213
210	214
211	215
212	216
213	217
214	218
215	219
216	220
217	221
218	222
219	223
220	224
221	225
222	226
223	227
224	228
225	229
226	230
227	231
228	232
229	233
230	234
231	235
232	236
233	237
234	238
235	239
236	240
237	241
238	242
239	243
240	244
241	245
242	246
243	247
244	248
245	249
246	250
247	251
248	252
249	253
250	254
251	255
252	256
253	257
254	258
255	259
256	-
257	260
258	261
259	262
260	-
261	263
262	264
263	265
264	266
265	267
266	268
267	269
268	270
-	271
269	272
270	273
271	274
272	275
273	276
274	277
275	278
276	279
277	280
278	281
279	282
280	283
281	284
282	285
283	286
284	287
285	288
286	289
287	290
288	291
289	292
290	293
291	294
292	295
293	296
294	297
295	298
296	299
297	300
298	301
299	302
300	303
301	304
302	305
303	306
304	307
305	308
306	309
307	310
308	311
309	312
310	313
311	314
312	315
313	316
314	317
315	318
316	319
317	-
