-	9
-	10
1	11
2	12
3	13
4	14
5	15
6	16
7	17
8	18
9	19
10	20
11	21
12	22
13	23
14	24
15	25
16	26
17	27
18	28
19	29
20	30
21	31
22	32
23	33
24	34
25	35
26	36
27	37
28	38
29	39
30	40
31	41
32	42
33	43
34	44
35	45
36	46
37	47
38	48
39	49
40	50
41	51
42	52
43	53
44	54
45	55
46	-
47	56
48	57
49	58
50	59
51	60
52	61
53	62
54	63
55	64
56	65
57	66
58	67
59	68
60	69
61	70
62	71
63	72
64	73
65	74
66	75
67	76
68	77
69	78
70	79
71	80
72	-
73	81
74	82
75	83
76	84
77	85
78	86
79	87
80	88
81	89
82	90
83	91
84	92
85	93
86	94
87	95
88	96
89	-
90	97
91	98
92	99
93	100
94	101
95	102
96	103
97	104
98	105
99	106
100	107
101	108
102	109
103	110
104	111
105	112
106	113
107	114
108	115
109	116
110	117
111	118
112	119
113	120
114	121
115	122
116	123
117	124
118	125
119	-
120	126
121	127
122	128
123	129
124	130
125	131
126	132
127	133
128	134
129	135
130	136
131	137
132	138
133	139
134	140
-	141
-	142
-	143
-	144
135	145
136	146
137	147
138	148
139	149
140	150
141	151
142	152
143	153
144	154
145	155
146	156
147	157
148	158
149	159
150	160
151	161
152	162
153	163
154	164
155	165
156	166
157	167
158	168
159	169
160	170
161	171
162	172
163	173
164	174
165	175
166	176
167	177
168	178
169	179
170	180
171	181
172	182
173	183
174	184
175	185
176	186
177	187
178	188
179	189
180	190
181	191
182	192
183	193
184	194
185	195
186	196
187	197
188	198
189	199
190	200
191	201
192	202
193	203
194	204
195	205
196	206
197	207
198	208
199	209
200	210
201	211
202	212
203	213
204	214
205	215
206	216
207	217
208	218
209	219
210	220
211	221
212	222
213	223
214	224
215	225
216	226
217	227
218	228
219	229
220	230
221	231
222	232
223	233
224	234
225	235
226	236
227	237
228	238
229	239
230	240
231	241
232	242
233	243
234	244
235	245
236	246
237	247
238	248
239	249
240	250
241	251
242	252
243	253
244	254
245	255
246	256
247	257
248	258
249	259
250	260
251	261
252	262
253	263
254	264
255	265
256	266
257	-
258	267
259	268
260	269
261	270
262	271
263	272
264	273
265	274
266	275
267	276
268	277
269	278
270	279
271	280
272	281
273	282
274	283
275	284
276	285
277	286
278	287
279	288
280	289
281	290
282	291
283	292
284	293
285	294
286	295
287	296
288	297
289	298
290	299
291	300
292	301
293	302
294	303
295	304
296	305
297	306
298	307
299	308
300	309
301	310
302	311
303	312
304	313
305	314
306	315
307	316
308	317
309	318
310	319
311	320
312	321
313	322
314	323
315	324
316	325
317	326
