1	1
2	2
3	3
4	4
5	5
6	6
7	7
8	8
9	9
10	10
11	11
12	12
13	13
14	14
15	15
16	16
17	17
18	18
19	19
20	20
21	21
22	22
23	23
24	24
25	25
26	26
27	27
28	28
29	29
30	30
31	31
32	32
33	33
34	34
35	35
36	36
37	37
38	38
39	39
40	40
41	41
42	42
43	43
44	44
45	45
46	-
47	46
48	47
49	48
50	49
51	50
52	51
53	52
54	53
55	54
56	55
57	56
58	57
59	58
60	59
61	60
62	61
63	62
64	63
65	64
66	65
67	66
68	67
69	68
70	69
71	70
72	-
73	71
74	72
75	73
76	74
77	75
78	76
79	77
80	78
81	79
82	80
83	81
84	82
85	83
86	-
87	84
88	85
89	86
90	87
91	88
92	89
93	90
94	91
95	92
96	93
97	94
98	95
99	96
100	97
101	98
102	99
103	100
104	101
105	102
106	103
107	104
108	105
109	106
110	107
111	108
112	109
113	110
114	111
115	112
116	113
117	114
118	115
119	-
120	116
121	117
122	118
123	119
124	120
125	121
126	122
127	123
128	124
129	125
130	126
131	127
132	128
133	129
134	130
-	131
-	132
-	133
135	134
136	135
137	136
138	137
139	138
140	139
141	140
142	141
143	142
144	143
145	144
146	145
147	146
148	147
-	148
-	149
149	150
150	151
151	152
152	153
153	154
154	155
155	156
156	157
157	158
158	159
159	160
160	161
161	162
162	163
163	164
164	165
165	166
166	167
167	168
168	169
169	170
170	171
171	172
172	173
173	174
174	175
175	176
176	177
177	178
178	179
179	180
180	181
181	182
182	183
183	184
184	185
185	186
186	187
187	188
188	189
189	190
190	191
191	192
192	193
193	194
194	195
195	196
196	197
197	198
198	199
199	200
200	201
201	202
202	203
203	204
204	205
205	206
206	207
207	208
208	209
209	210
210	211
211	212
212	213
213	214
214	215
215	216
216	217
217	218
218	219
219	220
220	221
221	222
222	223
223	224
224	225
225	226
226	227
227	228
228	229
229	230
230	231
231	232
232	233
233	234
234	235
235	236
236	237
237	238
238	239
239	240
240	241
241	242
242	243
243	244
244	245
245	246
246	247
247	248
248	249
249	250
250	251
251	252
252	253
-	254
-	255
-	256
-	257
-	258
-	259
-	260
-	261
-	262
253	263
254	264
255	265
256	266
257	267
258	268
259	269
260	-
261	270
262	271
263	272
264	273
265	274
266	275
267	276
268	277
269	278
270	279
271	280
272	281
273	282
274	283
275	284
-	285
276	286
277	287
278	288
279	289
280	290
281	291
282	292
283	293
284	294
285	295
286	296
287	297
288	298
289	299
290	300
291	301
292	302
293	303
294	304
295	305
296	306
297	307
298	308
299	309
300	310
301	311
302	312
303	313
304	314
305	315
306	316
307	317
308	318
309	319
310	320
311	321
312	322
313	323
314	324
315	325
316	326
317	327
-	328
