1	1
2	2
3	3
4	4
5	5
6	6
7	7
8	8
9	9
10	10
11	11
12	12
13	13
14	14
15	15
16	16
17	17
18	18
19	19
20	20
21	21
22	22
23	23
24	24
25	25
26	26
27	27
28	28
29	29
30	30
31	31
32	32
33	33
34	34
35	35
36	36
37	37
38	38
39	39
40	40
41	41
42	42
43	43
44	44
45	45
46	-
47	46
48	47
49	48
50	49
51	50
52	51
53	52
54	53
55	54
56	55
57	56
58	57
59	58
60	59
61	60
62	61
63	62
64	63
65	64
66	65
67	66
68	67
69	68
70	69
71	70
72	71
73	72
74	73
75	74
76	75
77	76
78	77
79	78
80	79
81	80
82	-
83	81
84	82
85	83
86	-
87	84
88	85
89	86
90	87
91	88
92	89
93	90
94	91
95	92
96	93
97	94
98	95
99	96
100	97
101	98
102	99
103	100
104	101
105	102
106	103
107	104
108	105
109	106
110	107
111	108
112	109
113	110
114	111
115	112
116	113
117	114
118	115
119	-
120	116
121	117
122	118
123	119
124	120
125	121
126	122
127	123
128	124
129	125
130	126
131	127
132	128
133	129
134	130
-	131
-	132
-	133
135	134
136	135
137	136
138	137
139	138
140	139
141	140
142	141
143	142
144	143
145	144
146	145
147	146
148	147
-	148
-	149
149	150
150	151
151	152
152	153
153	154
154	155
155	156
156	157
157	158
158	159
159	160
160	161
161	162
162	163
163	164
164	165
165	166
166	167
167	168
168	169
169	170
170	171
171	172
172	173
173	174
174	175
175	176
176	177
177	178
178	179
179	180
180	181
181	182
182	183
183	184
184	185
185	186
186	187
187	188
188	189
189	190
190	191
191	192
192	193
193	194
194	195
195	196
196	197
197	198
198	199
199	200
200	201
201	202
202	203
203	204
204	205
205	206
206	207
207	208
208	209
209	210
210	211
211	212
212	213
213	214
214	215
215	216
216	217
217	218
218	219
219	220
220	221
221	222
222	223
223	224
224	225
225	226
226	227
227	228
228	229
229	230
230	231
231	232
232	233
233	234
234	235
235	236
236	237
237	238
238	239
239	240
240	241
241	242
242	243
243	244
244	245
245	246
246	247
247	248
248	249
249	250
250	251
251	252
252	253
253	254
254	255
255	256
256	-
257	257
258	258
259	259
260	-
261	260
262	261
263	262
264	263
265	264
266	265
267	266
-	267
268	268
269	269
270	270
271	271
272	272
273	273
274	274
275	275
276	276
277	277
278	278
279	279
280	280
281	281
282	282
283	283
284	284
285	285
286	286
287	287
288	288
289	289
290	290
291	291
292	292
293	293
294	294
295	295
296	296
297	297
298	298
299	299
300	300
301	301
302	302
303	303
304	304
305	305
306	306
307	307
308	308
309	309
310	310
311	311
312	312
313	313
314	314
315	315
316	-
317	-
