-	8
1	9
-	10
2	11
3	12
4	13
5	14
6	15
7	16
8	17
9	18
10	19
11	20
12	21
13	22
14	23
15	24
16	25
17	26
18	27
19	28
20	29
21	30
22	31
23	32
24	33
25	34
26	35
27	36
28	37
29	38
30	39
31	40
32	41
33	42
34	43
35	44
36	45
37	46
38	47
39	48
40	49
41	50
42	51
43	52
44	53
45	54
46	-
47	55
48	56
49	57
50	58
51	59
52	60
53	61
54	62
55	63
56	64
57	65
58	66
59	67
60	68
61	69
62	70
63	71
64	72
65	73
66	74
67	75
68	76
69	77
70	78
71	79
72	-
73	80
74	81
75	82
76	83
77	84
78	85
79	86
80	87
81	88
82	89
83	90
84	91
85	92
86	93
87	94
88	95
89	-
90	96
91	97
92	98
93	99
94	100
95	101
96	102
97	103
98	104
99	105
100	106
101	107
102	108
103	109
104	110
105	111
106	112
107	113
108	114
109	115
110	116
111	117
112	118
113	119
114	120
115	121
116	122
117	123
118	124
119	-
120	125
121	126
122	127
123	128
124	129
125	130
126	131
127	132
128	133
129	134
130	135
131	136
132	137
133	138
134	139
-	140
-	141
-	142
-	143
135	144
136	145
137	146
138	147
139	148
140	149
141	150
142	151
143	152
144	153
145	154
146	155
147	156
-	157
148	158
149	159
150	160
151	161
152	162
153	163
154	164
155	165
156	166
157	167
158	168
159	169
160	170
161	171
162	172
163	173
164	174
165	175
166	176
167	177
168	178
169	179
170	180
171	181
172	182
173	183
174	184
175	185
176	186
177	187
178	188
179	189
180	190
181	191
182	192
183	193
184	194
185	195
186	196
187	197
188	198
189	199
190	200
191	201
192	202
193	203
194	204
195	205
196	206
197	207
198	208
199	209
200	210
201	211
202	212
203	213
204	214
205	215
206	216
207	217
208	218
209	219
210	220
211	221
212	222
213	223
214	224
215	225
216	226
217	227
218	228
219	229
220	230
221	231
222	232
223	233
224	234
225	235
226	236
227	237
228	238
229	239
230	240
231	241
232	242
233	243
234	244
235	245
236	246
237	247
238	248
239	249
240	250
241	251
242	252
243	253
244	254
245	255
246	256
247	257
248	258
249	259
250	260
251	261
252	262
253	263
254	264
255	265
256	266
257	267
258	268
259	269
260	270
261	271
262	272
263	273
264	274
265	275
266	276
267	277
268	278
269	279
270	280
271	281
272	282
273	283
274	284
275	285
276	286
277	287
278	288
279	289
280	290
281	291
282	292
283	293
284	294
285	295
286	296
287	297
288	298
289	299
290	300
291	301
292	302
293	303
294	304
295	305
296	306
297	307
298	308
299	309
300	310
301	311
302	312
303	313
304	314
305	315
306	316
307	317
308	318
309	319
310	320
311	321
312	322
313	323
314	324
315	325
316	326
317	-
