-	5
1	6
-	7
2	8
3	9
4	10
5	11
6	12
7	13
8	14
9	15
10	16
11	17
12	18
13	19
14	20
15	21
16	22
17	23
18	24
19	25
20	26
21	27
22	28
23	29
24	30
25	31
26	32
27	33
28	34
29	35
30	36
31	37
32	38
33	39
34	40
35	41
36	42
37	43
38	44
39	45
40	46
41	47
42	48
43	49
44	50
45	51
46	-
47	52
48	53
49	54
50	55
51	56
52	57
53	58
54	59
55	60
56	61
57	62
58	63
59	64
60	65
61	66
62	67
63	68
64	69
65	70
66	71
67	72
68	73
69	74
70	75
71	-
72	76
73	77
74	78
75	79
76	80
77	81
78	82
79	83
80	84
81	85
82	86
83	87
84	88
85	89
86	90
87	91
88	92
89	-
90	93
91	94
92	95
93	96
94	97
95	98
96	99
97	100
98	101
99	102
100	103
101	104
102	105
103	106
104	107
105	108
106	109
107	110
108	111
109	112
110	113
111	114
112	115
113	116
114	117
115	118
116	119
117	-
118	120
119	121
120	122
121	123
122	124
123	125
124	126
125	127
126	128
127	129
128	130
129	131
130	132
131	133
132	134
133	135
134	136
-	137
-	138
-	139
-	140
135	141
136	142
137	143
138	144
139	145
140	146
141	147
142	148
143	149
144	150
145	151
146	152
147	153
148	154
149	155
-	156
150	157
151	158
152	159
153	160
154	161
155	162
156	163
157	164
158	165
159	166
160	167
161	168
162	169
163	170
164	171
165	172
166	173
167	174
168	175
169	176
170	177
171	178
172	179
173	180
174	181
175	182
176	183
177	184
178	185
179	186
180	187
181	188
182	189
183	190
184	191
185	192
186	193
187	194
188	195
189	196
190	197
191	198
192	199
193	200
194	201
195	202
196	203
197	204
198	205
199	206
200	207
201	208
202	209
203	210
204	211
205	212
206	213
207	214
208	215
209	216
210	217
211	218
212	219
213	220
214	221
215	222
216	223
217	224
218	225
219	226
220	227
221	228
222	229
223	230
224	231
225	232
226	233
227	234
228	235
229	236
230	237
231	238
232	239
233	240
234	241
235	242
236	243
237	244
238	245
239	246
240	247
241	248
242	249
243	250
244	251
245	252
246	253
247	254
248	255
249	256
250	257
251	258
-	259
252	260
253	261
254	262
255	263
256	264
257	-
258	265
259	266
260	267
261	268
262	269
263	270
264	271
265	272
266	273
267	274
268	275
269	276
270	277
271	278
272	279
273	280
274	281
275	282
276	283
277	284
278	285
279	286
280	287
281	288
282	289
283	290
284	291
285	292
286	293
287	294
288	295
289	296
290	297
291	298
292	299
293	300
294	301
295	302
296	303
297	304
298	305
299	306
300	307
301	308
302	309
303	310
304	311
305	312
306	313
307	314
308	315
309	316
310	317
311	318
312	319
313	320
314	321
315	322
316	323
317	-
