<Attribute:Group>
E1	124	125	126	151	152	153	154	155	191
E10	4	8	10	11	317	318	319	320
E2	119	120	121	122	123	127	128	129	130	131	148	157	158	160	183	184	185	187	188	189	192	193	194	241	243
E3	65	89	90	93	94	115	116	117	118	132	133	135	136	137	138	139	140	141	142	144	161	162	163	179	181	182	196	198	200	206	207	208	209	210	211	212	213	214	215	217	218	219	220	221	224	226	239	250	251
E4	54	56	60	66	68	69	70	72	85	86	87	88	95	96	97	98	99	100	102	111	112	113	114	164	166	167	168	169	170	201	202	203	204	205	216	229	230	231	233	234	235	236	237	253	254
E5	48	51	53	71	73	74	75	77	82	83	84	103	104	107	109	110	256	257	258	259	260	263	265	266	267	268	269	270
E6	39	40	43	45	46	47	271	272	273	274	276	280	281	294	295	296	300
E7	34	35	36	37	38	285	286	287	292	293	301	302	303	304	306
E8	30	31	288	308	309	311
E9	12	13	14	15	17	19	20	21	22	23	24	25	28	29	314
//
<Attribute:Char>
AA	A	L	R	K	N	M	D	F	C	P	Q	S	E	T	G	W	H	Y	I	V
FASG890101	-0.21	-4.68	2.11	3.88	0.96	-3.66	1.36	-4.65	-6.04	0.75	1.52	1.74	2.30	0.78	0.00	-3.32	-1.23	-1.01	-4.81	-3.50
GRAR740103	31	111	124	119	56	105	54	132	55	32.5	85	32	83	61	3	170	96	136	111	84
ZIMJ680104	6.00	5.98	10.76	9.74	5.41	5.74	2.77	5.48	5.05	6.30	5.65	5.68	3.22	5.66	5.97	5.89	7.59	5.66	6.02	5.96
JANJ780101	27.8	27.6	94.7	103.0	60.1	33.5	60.6	25.5	15.5	51.5	68.7	42.0	68.2	45.0	24.5	34.7	50.7	55.2	22.8	23.7
CHAM820101	0.046	0.186	0.291	0.219	0.134	0.221	0.105	0.290	0.128	0.131	0.180	0.062	0.151	0.108	0.000	0.409	0.230	0.298	0.186	0.140
//
<Attribute:Receptor>
1	0
2	0
3	0
4	0
5	3.1531503682165
6	6.5805638596124
7	10.2584169128929
8	12.7300791190101
9	14.4606542938537
10	16.7452624223138
11	19.1151528441026
12	22.0302035747918
13	23.985156816759
14	26.4563974541796
15	26.9034100347219
16	27.5491551660176
17	27.6525978176014
18	25.7232172120954
19	25.6989670807819
20	22.7003990519841
21	23.210760719873
22	25.94838571214
23	26.0932264032601
24	23.2623323274192
25	22.4868776129743
26	21.8979728903587
27	20.3924924989625
28	23.243943038482
29	26.7617814137089
30	29.6239934157489
31	33.154719933996
32	34.8806183607515
33	38.370263826346
34	40.4875468124835
35	42.5105512534612
36	43.5687528118255
37	46.5156247548868
38	46.9672769982064
39	50.3925295465409
40	51.5866751054065
41	53.901177853487
42	52.1064923408851
43	51.6277832761065
44	50.2435153684097
45	47.0635818237305
46	47.8398427441483
47	51.4323250982132
48	54.5922414694166
49	57.398697505206
50	60.810346943283
51	62.6939210378098
52	66.3286593452529
53	66.8936543976159
54	69.7475915269975
55	71.3476939885007
56	70.7891759864536
57	68.8139502975297
58	71.5257652731464
59	74.0139714571079
60	71.0089855842722
61	69.779252756898
62	73.2778347850786
63	73.8165494117519
64	76.8559084407376
65	76.8004615626254
66	76.282291196017
67	73.1055978356611
68	71.5741797576313
69	68.5779872389484
70	67.0013183919397
71	63.2510343046744
72	63.037001141559
73	59.3512474761789
74	57.7357419583919
75	55.7230988957957
76	56.4076217049683
77	54.4590388597876
78	56.9215802657223
79	60.5885476866346
80	61.8262635750268
81	65.0331353993262
82	66.2820870221023
83	66.8494558584605
84	70.6753952088258
85	71.4651402847163
86	74.9711244103201
87	75.6966562011643
88	75.5363450579228
89	77.6218837315072
90	81.24800980016
91	81.2167780635869
92	81.2871510852641
93	79.3107902031782
94	75.9168109800278
95	72.8006614675934
96	70.4526845861035
97	66.8143674212718
98	67.5750749285798
99	65.2293455777586
100	62.3629983005297
101	63.3020524048715
102	63.4448457997434
103	60.0131088520913
104	58.7933959586409
105	60.6079652442752
106	58.9977170122966
107	56.2675815443383
108	55.819625543932
109	53.2607761205149
110	55.8627955305665
111	59.6451376250843
112	61.5753120277132
113	65.1980377110676
114	65.2091454615897
115	67.4905079479282
116	66.6091630201232
117	68.949792108439
118	70.1618591513946
119	73.4484662945857
120	71.1521207896985
121	69.1280828022768
122	72.7256170360371
123	72.2770362105604
124	75.1317792171866
125	77.7992596948329
126	78.0093856022774
127	78.4242947083148
128	80.9840179934412
129	83.4758187674968
130	87.2563465084346
131	87.2563465084346
132	87.2563465084346
133	87.2563465084346
134	83.4466549198674
135	81.7884792825411
136	78.3197174459749
137	76.5310783532788
138	79.0817541026935
139	80.1155092325964
140	82.7351001094866
141	82.4975805969824
142	82.1802516511649
143	78.6823789321022
144	76.894970634546
145	74.7112669949361
146	76.658602172964
147	78.0305875152677
148	80.0338414720916
149	78.6498983444125
150	81.9372393465135
151	82.1580065825372
152	78.5087669003373
153	77.5050862309115
154	80.688999327114
155	80.7374777415395
156	81.3690190162698
157	78.131797368888
158	77.1745837657393
159	76.186304728929
160	72.452899815181
161	69.9060354737586
162	66.4016618308855
163	63.3868162449376
164	59.799641207179
165	58.88578669725
166	56.6308768793824
167	57.4997214309834
168	54.2316426490508
169	55.5900464877501
170	57.1930209438867
171	60.9639727662256
172	63.3759217006553
173	66.2779679724276
174	69.0172014900956
175	71.1278538014269
176	74.3656581637418
177	76.5396792093159
178	79.8702888319742
179	81.7713832451119
180	82.9236593514845
181	81.9680305193886
182	82.2175628258382
183	82.3648284414129
184	83.4777209646687
185	87.2563465084346
186	87.2563465084346
187	87.2563465084346
188	87.2563465084346
189	87.2563465084346
190	87.2563465084346
191	87.2563465084346
192	87.2563465084346
193	87.2563465084346
194	83.4606538180288
195	81.628526859583
196	77.9008488733539
197	74.8192108253282
198	71.6645952918457
199	68.7061587196277
200	65.2445804729708
201	61.8812069029073
202	58.303327926601
203	58.2053267500853
204	61.6943031824405
205	64.8413255403427
206	67.8164608606228
207	71.4835016477254
208	73.522573465312
209	76.8167853586544
210	77.87680648773
211	77.6411218100721
212	79.2371749801531
213	79.1446955667335
214	80.2440078115375
215	83.4405397785281
216	87.2563465084346
217	87.2563465084346
218	87.2563465084346
219	87.2563465084346
220	87.2563465084346
221	87.2563465084346
222	87.2563465084346
223	87.2563465084346
224	83.4715070138193
225	80.1493643078096
226	77.2070871824942
227	73.8770362123095
228	70.4211155328881
229	66.9374038932295
230	63.3893892034072
231	60.3119159336386
232	59.6333158817999
233	55.9611573893384
234	54.669328801992
235	54.4844828293577
236	57.3830620221248
237	60.9191468471191
238	64.2284311446853
239	66.9805133812854
240	70.7131247847195
241	73.1006767609447
242	76.6426784337302
243	80.01476732983
244	81.7498496183964
245	80.3045213524054
246	77.4065625006505
247	75.9500973956651
248	73.9715517791209
249	72.5789162837665
250	72.3725078234716
251	69.6087511481596
252	66.5925329930159
253	64.275241051995
254	60.620214713446
255	58.7359924608425
256	54.9914330264492
257	53.1556189355513
258	50.7210592644563
259	50.0240244615893
260	53.2685724565788
261	54.2554655959499
262	57.4453023469162
263	60.2218417228832
264	59.4044936077747
265	61.903626259909
266	61.1350796555425
267	62.1294229203787
268	59.1304128172662
269	58.8817789698799
270	56.4698448884064
271	53.3001878623215
272	51.2437812984971
273	48.4396367818233
274	47.0512436482254
275	46.5493531780497
276	45.5038115075511
277	47.469464373741
278	50.8091626528882
279	52.3279245715649
280	55.4892871229642
281	53.0817600295904
282	51.0892411501121
283	48.6650365669465
284	45.3745547129538
285	42.1804427460029
286	39.9168204334938
287	37.1617100689913
288	37.024993858919
289	38.062391422469
290	40.3903536564742
291	43.0507163579662
292	45.3374240628373
293	47.6377523511453
294	50.9362492343358
295	51.9243162525888
296	54.5547449268606
297	52.2207326705125
298	52.2276496871139
299	48.8577289161306
300	45.3911634442224
301	45.1690345367726
302	42.7355939766096
303	43.4079437781184
304	45.7310585624131
305	43.8426496490332
306	44.2738430215505
307	41.1914484405999
308	40.3641443315268
309	37.0754977113088
310	35.1146381071941
311	31.7956014449214
312	29.0865764470015
313	25.5985415361523
314	23.6274496611687
315	20.5383084002888
316	18.2983364878431
317	18.2885201181532
318	17.7146609737857
319	14.6765456958118
320	13.2617688625017
//
<Attribute:Glycosylation>
//
<Parameter>
0	0
1	0
2	1
3	2
4	1
5	0
6	0
7	0
8	0
9	0
10	3.68
11	64
12	2.68666666666667
13	40.6333333333333
14	0.127
15	90.4775549115733
16	1
//
<Model>
Prior	1.1866464339909
0	406	149	252	632
1	576	526	82	255
2	448	208	210	573
3	419	199	239	582
4	538	360	120	421
5	419	219	239	562
6	432	241	226	540
7	543	536	115	245
8	623	682	35	99
9	593	621	65	160
10	450	196	208	585
11	481	223	177	558
12	338	86	320	695
13	512	249	146	532
14	498	264	160	517
15	153	13	505	768
16	569	507	89	274
//
