<Attribute:Group>
E1	152	153	154	155	156	157	158
E10	1	2	5	7	8	10	11	12	20	21	24	25	320	321	322	323	324
E2	119	120	123	124	125	126	127	128	129	130	131	149	151	159	160	185	186	187	189	190	191	193	194	195	196	197	245
E3	90	92	93	115	118	121	132	133	134	136	137	139	140	141	142	143	145	162	163	164	165	183	184	198	200	208	209	210	211	212	213	214	215	216	217	219	221	222	223	224	226	228	241	243	252	253
E4	56	58	66	68	69	70	71	72	73	86	87	88	89	94	96	97	98	112	113	114	138	166	168	202	203	204	205	206	207	218	220	230	231	232	233	235	237	238	239	256
E5	49	50	51	53	54	74	75	82	83	84	85	99	100	102	103	104	106	107	109	110	169	170	171	172	236	257	258	259	260	265	266	268
E6	39	40	43	45	46	47	48	77	261	262	263	264	269	270	271	272	273	274	275	276	283	284	299	302
E7	35	36	37	38	277	279	288	295	296	298	303	305	307	309
E8	31	34	289	290	291	292	311	312
E9	13	14	15	17	19	22	23	28	29	30	314	317
//
<Attribute:Char>
AA	A	L	R	K	N	M	D	F	C	P	Q	S	E	T	G	W	H	Y	I	V
FASG890101	-0.21	-4.68	2.11	3.88	0.96	-3.66	1.36	-4.65	-6.04	0.75	1.52	1.74	2.30	0.78	0.00	-3.32	-1.23	-1.01	-4.81	-3.50
GRAR740103	31	111	124	119	56	105	54	132	55	32.5	85	32	83	61	3	170	96	136	111	84
ZIMJ680104	6.00	5.98	10.76	9.74	5.41	5.74	2.77	5.48	5.05	6.30	5.65	5.68	3.22	5.66	5.97	5.89	7.59	5.66	6.02	5.96
JANJ780101	27.8	27.6	94.7	103.0	60.1	33.5	60.6	25.5	15.5	51.5	68.7	42.0	68.2	45.0	24.5	34.7	50.7	55.2	22.8	23.7
CHAM820101	0.046	0.186	0.291	0.219	0.134	0.221	0.105	0.290	0.128	0.131	0.180	0.062	0.151	0.108	0.000	0.409	0.230	0.298	0.186	0.140
//
<Attribute:Receptor>
1	0
2	3.4563535708141
3	6.4578030137104
4	9.9563971163098
5	12.9743250726547
6	16.4293812793997
7	19.950137235843
8	22.2948380541468
9	24.0920262855347
10	26.2152450317454
11	28.4570140931442
12	31.6636218290803
13	33.8186644803039
14	36.3140632422429
15	36.5655993477962
16	37.39934891263
17	37.6092568690393
18	35.7553836616725
19	35.7018516368072
20	32.7065684819718
21	33.2388307122365
22	35.9566267016324
23	35.962742616083
24	33.0797927776915
25	32.3638628290557
26	31.5639954741256
27	30.2169799429922
28	32.6286982162568
29	35.9675065303801
30	39.0559269242742
31	42.7144581130739
32	44.4380816755622
33	47.9528775182895
34	50.2187408134822
35	52.4277993273655
36	53.4863876880893
37	56.3996934828693
38	57.9324700930041
39	61.481818423576
40	63.077550985195
41	64.2845744461571
42	61.9273190142888
43	61.3787654745581
44	59.7856616610689
45	57.2070046343376
46	58.3110922079169
47	61.8545964478127
48	64.70952801043
49	67.6072018540507
50	71.1352318341905
51	73.1590886327126
52	76.8299015880097
53	77.3764334461828
54	80.672711985138
55	81.9395858490986
56	81.1187842262869
57	79.0203451939904
58	81.6892382029024
59	84.1173907569943
60	80.9489265480452
61	79.5951324926735
62	82.4564034016642
63	83.5433108943731
64	86.5373588276582
65	86.1127700758544
66	85.5416580835813
67	82.6413366411845
68	80.6245879196383
69	77.5147423329685
70	77.1377958176466
71	78.4520561379427
72	76.000668812557
73	72.4768853838176
74	70.7010066499124
75	67.6051165438672
76	67.1525836266876
77	64.7195546919428
78	67.3711685772287
79	70.9986223711258
80	72.0319995494329
81	75.2849995731821
82	76.0639059217556
83	77.3541044564449
84	79.9615070402551
85	81.2670316373927
86	84.8114045182455
87	86.1738106320958
88	85.9956936026159
89	87.5808822397195
90	91.3074026572587
91	91.5659601250439
92	90.8828906940338
93	88.6081330701263
94	85.1349139439742
95	82.259067883771
96	80.0679721316
97	76.4767848804899
98	77.8147563377958
99	75.2509690516601
100	72.3695561914514
101	73.7787587064118
102	73.4835205083735
103	69.9188012809107
104	69.6489876398178
105	71.5456732275889
106	69.1933650446678
107	66.3289580587914
108	67.4364931251371
109	65.8584826387111
110	67.5895302572506
111	70.8623548595628
112	71.9257187415891
113	75.5428567557479
114	75.8958412670044
115	78.1409284082094
116	77.1316282849007
117	78.948361424434
118	80.0771085412091
119	82.5201193815616
120	79.2487069642113
121	79.2940333047487
122	82.9699193397792
123	82.7859751066053
124	84.8452399343072
125	87.2906335845934
126	87.1224780471143
127	86.9502687034869
128	88.76985311863
129	91.2332733896074
130	93.1935781471749
131	96.9715747061993
132	96.9715747061993
133	96.9715747061993
134	96.9715747061993
135	93.1420298246239
136	91.3467691984506
137	88.0030481271006
138	86.1050787668452
139	88.5757084018803
140	90.0082080635472
141	92.5233465196063
142	92.5310857691564
143	91.8149965772459
144	88.2641365065909
145	86.3866470257662
146	84.133833861331
147	86.175831193129
148	87.8563051545075
149	89.7579911307494
150	88.2843923091272
151	91.5915838140137
152	91.4790027221467
153	88.6543693462241
154	89.2096467240547
155	86.3915179955762
156	86.9936123390624
157	89.8529812355761
158	90.9706663582906
159	87.4340474585318
160	85.9265619855185
161	84.7808192743157
162	81.4630184871311
163	78.9846002802432
164	75.5385214239439
165	72.8635970431932
166	69.3241455490426
167	68.0568053832391
168	65.0519548933005
169	64.6161882921878
170	62.6180820453358
171	65.5183286098105
172	67.6251799020671
173	71.3524360789933
174	73.7662420216632
175	77.0441777612895
176	79.7725697640522
177	81.5244215056902
178	84.2029859823035
179	86.1447352781852
180	89.4947279109252
181	91.2214230560252
182	92.4350690024665
183	91.9227141416759
184	91.2723773942965
185	92.1539696995596
186	93.1986683993849
187	96.9715747061993
188	96.9715747061993
189	96.9715747061993
190	96.9715747061993
191	96.9715747061993
192	96.9715747061993
193	96.9715747061993
194	96.9715747061993
195	96.9715747061993
196	93.2190632805005
197	90.6758951559045
198	86.9719073617323
199	85.0572868970183
200	81.629381544855
201	78.8263445891685
202	75.3478931278926
203	71.9179354296391
204	68.3660494357205
205	68.0519569701365
206	71.3394632247002
207	74.3844535748997
208	77.4258894790194
209	81.0208624650484
210	83.1165622197379
211	86.2951701615972
212	88.2415941220285
213	86.6154563696796
214	88.8681566002393
215	88.7544113878759
216	90.4744473409709
217	93.2197768704944
218	96.9715747061993
219	96.9715747061993
220	96.9715747061993
221	96.9715747061993
222	96.9715747061993
223	96.9715747061993
224	96.9715747061993
225	96.9715747061993
226	93.1790345284293
227	89.9008545872864
228	86.6562757284672
229	84.0625897344829
230	80.5034371065798
231	77.0685873424893
232	73.6097157476318
233	71.008783138265
234	70.0432101439018
235	66.425606756239
236	64.4990774662271
237	63.7894930807196
238	67.1256426885859
239	70.198561614655
240	73.8803363028568
241	76.5842505070799
242	80.2970370514396
243	82.8524259358237
244	86.5382455155718
245	89.2437997353555
246	91.8175918773571
247	90.4095949744415
248	87.6141130311509
249	85.5526577260299
250	83.6384085030801
251	82.0139804477632
252	82.794438570858
253	80.5694818824161
254	77.7513330583948
255	74.581339044197
256	70.9961072416858
257	68.9345223111989
258	65.3832501225814
259	63.7365097596703
260	62.3176571498825
261	58.6398352987578
262	59.4127254959266
263	61.1923996318631
264	64.6577921204357
265	67.185694427114
266	70.6007668118628
267	70.1759033206938
268	72.9898100922265
269	71.4851234428319
270	71.4194323889688
271	67.8316647886995
272	67.1939458382051
273	66.6152193254887
274	63.4270109886608
275	60.8844548294344
276	58.6518556310286
277	57.348837685645
278	56.8542980663275
279	54.7401490257892
280	56.4115294646072
281	60.0200281215163
282	61.6023040040771
283	65.0943441489504
284	63.8028883740576
285	61.488759879864
286	58.6548519862171
287	55.2488453851206
288	51.9573429011357
289	49.158478989649
290	46.3603358258873
291	46.6379433748519
292	47.3044288349093
293	49.6544193183276
294	52.7344839112566
295	54.8018163241549
296	57.758700570273
297	60.2971627272732
298	60.145178507277
299	62.7770345279779
300	61.5790400978952
301	60.6968990081314
302	57.5664489355587
303	54.0895592918091
304	54.2418698745485
305	51.9561360545545
306	52.3910100507354
307	54.7831408291282
308	53.2445072422131
309	53.9128335611078
310	50.4782762966435
311	50.034757621953
312	46.7825211387131
313	44.4848455358652
314	41.2112911255
315	38.4359244065742
316	34.9124334214538
317	32.767037600166
318	29.9319103723141
319	27.7172164462313
320	27.8793344689628
321	27.4104277921353
322	24.596161304962
323	22.5473922518384
324	19.3680094594917
//
<Attribute:Glycosylation>
//
<Parameter>
0	0
1	0
2	1
3	2
4	1
5	0
6	0
7	0
8	0
9	0
10	3.68
11	64
12	2.68666666666667
13	40.6333333333333
14	0.127
15	90.4775549115733
16	1
//
<Model>
Prior	1.1866464339909
0	406	149	252	632
1	576	526	82	255
2	448	208	210	573
3	419	199	239	582
4	538	360	120	421
5	419	219	239	562
6	432	241	226	540
7	543	536	115	245
8	623	682	35	99
9	593	621	65	160
10	450	196	208	585
11	481	223	177	558
12	338	86	320	695
13	512	249	146	532
14	498	264	160	517
15	153	13	505	768
16	569	507	89	274
//
