<Attribute:Group>
E1	120	121	144	146	147	150	151	184	185
E10	1	2	3	4	5	6	7	8	9	10	11	314	315	316	317	318
E2	116	117	118	119	122	123	125	126	127	134	135	136	141	142	152	153	154	155	175	177	178	179	180	181	182	183	188	189	190	239
E3	64	67	86	88	90	91	112	113	114	115	128	130	131	132	133	138	156	157	158	159	192	194	196	203	204	205	206	207	208	209	210	211	212	213	214	215	216	217	218	220	222	224	225	235	237	246	247
E4	52	53	65	68	69	70	71	72	82	83	84	85	93	94	95	96	97	99	109	110	111	160	162	163	166	197	198	199	200	201	202	226	227	229	230	231	232	233	251
E5	47	48	49	50	73	75	79	80	81	100	101	103	104	164	165	252	253	254	256	257	259	260	261	262	263	264	275
E6	38	39	40	44	45	46	265	266	268	269	271	274	276	288	289	290	291	292	293	294	295	296
E7	34	35	36	37	280	281	282	283	284	285	287	297	298	299	300	301	302	303
E8	30	31	32	304	305	306	307
E9	12	13	14	15	17	18	19	20	21	22	23	24	25	27	28	29	308	309	310	311	312
//
<Attribute:Char>
AA	A	L	R	K	N	M	D	F	C	P	Q	S	E	T	G	W	H	Y	I	V
FASG890101	-0.21	-4.68	2.11	3.88	0.96	-3.66	1.36	-4.65	-6.04	0.75	1.52	1.74	2.30	0.78	0.00	-3.32	-1.23	-1.01	-4.81	-3.50
GRAR740103	31	111	124	119	56	105	54	132	55	32.5	85	32	83	61	3	170	96	136	111	84
ZIMJ680104	6.00	5.98	10.76	9.74	5.41	5.74	2.77	5.48	5.05	6.30	5.65	5.68	3.22	5.66	5.97	5.89	7.59	5.66	6.02	5.96
JANJ780101	27.8	27.6	94.7	103.0	60.1	33.5	60.6	25.5	15.5	51.5	68.7	42.0	68.2	45.0	24.5	34.7	50.7	55.2	22.8	23.7
CHAM820101	0.046	0.186	0.291	0.219	0.134	0.221	0.105	0.290	0.128	0.131	0.180	0.062	0.151	0.108	0.000	0.409	0.230	0.298	0.186	0.140
//
<Attribute:Receptor>
1	0
2	3.40152699109849
3	6.59340431768099
4	9.9297266444766
5	13.0189595652648
6	16.3828208723343
7	20.1038567216888
8	22.2946796678447
9	24.4668853943123
10	26.632719837952
11	27.4853422495606
12	31.0650232154847
13	31.8947657325876
14	35.3373837792629
15	36.041595872017
16	37.3045074326375
17	37.3795561148465
18	35.1648919465428
19	34.5194327533718
20	32.021187878988
21	32.7990236660346
22	35.8608736598733
23	35.4330484356582
24	32.4300323879116
25	31.8589931365069
26	31.5647117657776
27	30.4925112272352
28	33.6522912010043
29	37.0939510322503
30	40.3518868894517
31	43.9780756008207
32	45.52414023226
33	49.0555069359738
34	51.2480398949825
35	53.3821369054465
36	53.3920938359026
37	56.7986533139554
38	57.8159503675284
39	61.3054134846119
40	62.162063465528
41	62.9728638222957
42	60.0269155838796
43	61.4381066129096
44	58.3373683829534
45	57.4448577827723
46	60.7275696016637
47	63.6551214134455
48	66.5116524160174
49	70.3055969400517
50	72.1506100700746
51	75.6144441377252
52	76.7385798726878
53	80.4764410253527
54	80.5494181613098
55	79.7031964803574
56	76.6953551004743
57	77.9851423659792
58	80.9921305067682
59	78.2452229895841
60	77.5984025501599
61	81.2088328054585
62	82.2764477248089
63	85.7386559329536
64	85.5209342283504
65	83.6427103940001
66	81.0651776237274
67	80.2320387776085
68	76.8719891507676
69	76.1094268803094
70	76.463477058032
71	72.8825811732631
72	71.655776307057
73	68.1161026794765
74	66.5515154992806
75	63.6808929063237
76	65.4719840643882
77	69.0982976514733
78	70.5568644296247
79	73.3573717906687
80	74.9328767563136
81	77.2336328235633
82	79.8940847859543
83	79.801517213329
84	82.7132668470859
85	82.6569435872824
86	86.1700097699094
87	89.8640330180173
88	89.9027812843941
89	89.2143572496547
90	87.1719412016372
91	83.5965632261403
92	80.6344726463176
93	78.8054611533664
94	75.172842695032
95	76.0999495658438
96	73.5495854479843
97	70.5547908691591
98	72.0204738557003
99	72.3167736591799
100	68.7934182802199
101	67.9286444348928
102	70.1958208088912
103	68.5883226117526
104	65.3562444710687
105	66.5382612824778
106	65.790459314676
107	69.0767784436621
108	70.3551294439156
109	70.4200027240787
110	73.5441421452619
111	73.0636247611462
112	75.1269284935828
113	74.87210049948
114	75.0332242253
115	76.9332105176024
116	77.4414590573938
117	80.6669791739621
118	80.7732539206854
119	83.2622782563898
120	85.8157177507642
121	85.3043759773142
122	86.3372908511254
123	89.2775047732944
124	91.542647824458
125	95.3267474531676
126	95.3267474531676
127	95.3267474531676
128	95.3267474531676
129	91.5324176045646
130	89.9183413108739
131	86.463620126992
132	85.1194605952411
133	87.8336019187475
134	90.6158075257221
135	90.9052566412355
136	90.4190093794721
137	86.8054815847652
138	84.7617969563598
139	82.6267113508567
140	84.7307533516215
141	86.4360538356819
142	88.3137296291492
143	86.9804655264652
144	89.8081334061446
145	90.4986950508008
146	86.9775644392434
147	86.9280606510538
148	90.1919544680513
149	91.1089979347633
150	90.3766591711266
151	90.5561421456621
152	89.9908460297903
153	86.2850519816313
154	84.4626369051292
155	82.5588971642584
156	79.3673394127671
157	77.8439648371193
158	74.4065378700874
159	71.8347387480781
160	68.1105185079225
161	66.9334099600162
162	64.4415693575179
163	63.6650921110981
164	60.8657805920942
165	63.1428612832222
166	65.3500279195028
167	69.0823515942418
168	71.6007192773435
169	74.1286825178958
170	77.1216186977866
171	79.3698778980199
172	82.8218349784639
173	84.6829544262434
174	88.0074861516427
175	89.7117965183864
176	90.4515332014654
177	90.2128789566182
178	90.1829260138095
179	90.4896469787098
180	91.5256747098489
181	95.3267474531676
182	95.3267474531676
183	95.3267474531676
184	95.3267474531676
185	95.3267474531676
186	95.3267474531676
187	95.3267474531676
188	95.3267474531676
189	95.3267474531676
190	91.5300455949754
191	89.0424373876155
192	85.6618265533361
193	82.6853998193115
194	79.2289769243024
195	76.605599358032
196	73.3531832907473
197	70.0361576419354
198	66.3950504065027
199	65.8049925934036
200	69.2318370873511
201	72.4081919576744
202	74.4742004144963
203	78.2504320133545
204	80.4127118826052
205	83.4768382130088
206	86.5105107843843
207	85.7807622237636
208	88.2768920645798
209	86.9276164862163
210	88.8325080827717
211	91.5125809649293
212	95.3267474531676
213	95.3267474531676
214	95.3267474531676
215	95.3267474531676
216	95.3267474531676
217	95.3267474531676
218	95.3267474531676
219	95.3267474531676
220	91.5353511404617
221	88.4333495972478
222	85.4071540139182
223	81.9979367785425
224	78.7595974568647
225	75.2427787218635
226	71.6370204602282
227	68.3004825428993
228	67.4412139635605
229	63.7630841359923
230	62.66082906718
231	62.5375270598737
232	65.2667662988156
233	68.8911066249221
234	72.3197562765709
235	75.1958664490983
236	78.9452578688838
237	80.7434850952451
238	84.4577096852693
239	87.6759584088925
240	90.0945176225887
241	88.6340563651224
242	85.8615577033528
243	83.9462347230662
244	82.140703846384
245	80.8524049810551
246	80.4539605925957
247	77.5778910956442
248	74.7002671668948
249	72.7932434868511
250	69.0609459234217
251	66.893678853384
252	64.9935869518285
253	62.3739829257414
254	61.8915263383013
255	63.7081050882589
256	64.290824218954
257	67.4578481386988
258	67.7885704437866
259	70.5184403968608
260	69.4940984794367
261	70.4136488702936
262	67.4168512512825
263	66.4372924565776
264	65.3259603134941
265	61.7369690377032
266	60.4766935077287
267	56.8004167039255
268	56.0782949231633
269	55.6103029622517
270	56.5467001865641
271	56.8380697154224
272	58.1350791657675
273	61.6375634767042
274	64.0461963870499
275	67.2020806462524
276	64.8499465383734
277	62.4980771633127
278	59.4854109686
279	56.5719858231433
280	53.3599418325345
281	50.4787773207302
282	47.3766384126242
283	47.5726735641265
284	47.8737166753553
285	50.4819624720798
286	53.4634512260428
287	55.1828462227192
288	58.2514448380843
289	61.006873589763
290	60.6020096139844
291	63.4396029275127
292	61.7440838155107
293	61.5363267839898
294	59.0615846105717
295	55.3796322381737
296	55.1342745882144
297	52.5820805343577
298	53.0249566281919
299	55.1298580088337
300	53.1435030070608
301	53.5787623401109
302	50.6636057365351
303	51.0406610489706
304	47.4468277268356
305	44.6922471100221
306	41.5425265514942
307	39.3079887200432
308	35.6684558500719
309	34.2870517543848
310	30.967470180967
311	28.2599075395411
312	27.9864630017339
313	27.2800249016736
314	23.9962794608713
315	22.9203169928832
316	19.3980406750326
317	16.7869399795049
318	15.8427724078794
//
<Attribute:Glycosylation>
//
<Parameter>
0	0
1	0
2	1
3	2
4	1
5	0
6	0
7	0
8	0
9	0
10	3.68
11	64
12	2.68666666666667
13	40.6333333333333
14	0.127
15	90.4775549115733
16	1
//
<Model>
Prior	1.1866464339909
0	406	149	252	632
1	576	526	82	255
2	448	208	210	573
3	419	199	239	582
4	538	360	120	421
5	419	219	239	562
6	432	241	226	540
7	543	536	115	245
8	623	682	35	99
9	593	621	65	160
10	450	196	208	585
11	481	223	177	558
12	338	86	320	695
13	512	249	146	532
14	498	264	160	517
15	153	13	505	768
16	569	507	89	274
//
