<Attribute:Group>
E1	125	146	147	148	149	150
E10	1	2	3	4	5	6	7	8	9	10	11	12	25	310	311	312	313	314	315	316	317
E2	119	120	121	122	123	126	127	128	129	142	143	145	152	153	155	178	179	180	182	183	184	186	187	188	189	236	238
E3	65	89	90	91	93	114	115	118	130	131	132	134	135	136	139	157	158	159	174	176	177	191	193	195	201	202	203	204	205	206	207	208	209	210	214	215	216	217	219	221	223	234	245	246
E4	54	56	58	66	68	69	70	71	72	73	85	86	87	88	94	95	96	97	98	100	102	112	113	161	162	163	164	165	196	197	198	199	200	211	212	213	224	225	226	228	229	230	231	232	250
E5	48	49	51	53	74	75	81	82	83	84	99	103	104	107	109	110	251	252	253	254	256	257	258	259	260	261	262
E6	39	40	45	46	47	255	263	264	265	266	267	268	269	270	275	276	291	292	294
E7	34	35	36	37	38	271	280	281	285	287	290	295	296	297	298	299	300	301
E8	31	32	282	283	284	302	303	304	305	306
E9	13	14	15	17	18	19	20	21	22	23	28	29	30	307	308	309
//
<Attribute:Char>
AA	A	L	R	K	N	M	D	F	C	P	Q	S	E	T	G	W	H	Y	I	V
FASG890101	-0.21	-4.68	2.11	3.88	0.96	-3.66	1.36	-4.65	-6.04	0.75	1.52	1.74	2.30	0.78	0.00	-3.32	-1.23	-1.01	-4.81	-3.50
GRAR740103	31	111	124	119	56	105	54	132	55	32.5	85	32	83	61	3	170	96	136	111	84
ZIMJ680104	6.00	5.98	10.76	9.74	5.41	5.74	2.77	5.48	5.05	6.30	5.65	5.68	3.22	5.66	5.97	5.89	7.59	5.66	6.02	5.96
JANJ780101	27.8	27.6	94.7	103.0	60.1	33.5	60.6	25.5	15.5	51.5	68.7	42.0	68.2	45.0	24.5	34.7	50.7	55.2	22.8	23.7
CHAM820101	0.046	0.186	0.291	0.219	0.134	0.221	0.105	0.290	0.128	0.131	0.180	0.062	0.151	0.108	0.000	0.409	0.230	0.298	0.186	0.140
//
<Attribute:Receptor>
1	0
2	3.2336038529395
3	6.4059530474686
4	9.7495769463667
5	13.0057409942154
6	16.232956296624
7	19.8922127949687
8	22.3136948501634
9	24.0056356382001
10	26.4987038406948
11	28.6340917353342
12	31.748783530204
13	34.1335303299555
14	35.9282151725054
15	36.2659923978546
16	37.5353587026355
17	38.1205089581133
18	36.4958036505532
19	36.7024491257895
20	33.4943373319473
21	34.0586770165731
22	36.757247798602
23	36.4844842433453
24	33.3760566017279
25	32.0962756413616
26	31.567544247361
27	30.0626587703992
28	32.8379886466893
29	36.264499964882
30	39.3430202539941
31	42.9632348363549
32	44.7244059301571
33	48.2269918187177
34	50.4511393652945
35	52.7555306085786
36	54.10362370973
37	57.138775839342
38	58.3677527082366
39	61.7502198279216
40	63.4785497529147
41	65.3231332685375
42	63.2917996659364
43	62.7121868439913
44	60.3995130029074
45	58.0220711482146
46	60.9736116291296
47	62.7592066670914
48	65.6813254634844
49	68.6460584298121
50	72.2440613204769
51	73.8524431763089
52	77.5890124388566
53	78.4422008480495
54	82.2055694158798
55	83.1582520114897
56	82.0057454982045
57	79.8291143151052
58	82.165654723408
59	84.8976019177191
60	81.9800951436108
61	80.706132023895
62	83.9499414534865
63	85.0772106562389
64	87.8226359734386
65	88.0487156817085
66	87.1362236093762
67	84.0267969976546
68	82.5023714075608
69	79.0195612409008
70	78.5407418045813
71	79.8932647057956
72	76.4392041027353
73	74.6127587458325
74	71.9047425265162
75	68.9627328613858
76	68.2534706171799
77	65.7182458622213
78	68.2117471485393
79	71.8475726272995
80	72.8852775313253
81	76.49599839965
82	77.0292690010673
83	79.0903405326715
84	80.8394209021298
85	82.0178884703582
86	85.790444668519
87	87.2935133913888
88	86.9046376668228
89	88.8521018583777
90	92.5746371596623
91	92.7372208592996
92	92.4709680110385
93	89.7745634840864
94	86.6509793272728
95	83.1825351648597
96	81.1062257617471
97	77.7471286875882
98	79.4995579744414
99	76.7649113887533
100	74.0924034766988
101	75.5334352778126
102	75.6704718560848
103	72.2394158548253
104	71.0929743453599
105	73.1892393099912
106	71.5978876050422
107	68.1691000825102
108	68.2737037709491
109	67.4758853820617
110	69.6904084350853
111	72.9225576089444
112	74.1472910702502
113	77.424156956402
114	76.9190531248257
115	79.0567491788274
116	78.6317122152325
117	80.3765307769061
118	80.8584219571153
119	83.5965202102891
120	80.5215796617576
121	80.6807736848387
122	84.4127669097766
123	85.6995041053312
124	88.751356834197
125	88.6859102746198
126	89.2301803190226
127	91.9861110905395
128	94.5481223862015
129	98.3527916228106
130	98.3527916228106
131	98.3527916228106
132	98.3527916228106
133	94.5582526521318
134	92.7924959472192
135	94.104369680489
136	93.8159078905556
137	93.3886078026847
138	89.8102750732217
139	87.3975477186339
140	85.3424915878383
141	87.3297090684613
142	89.3660864423788
143	91.0506001024518
144	89.7539919972815
145	93.0479794677951
146	93.0080771309037
147	89.421836802636
148	88.0928001023463
149	91.5281081136653
150	91.9711823430129
151	92.2585669797571
152	88.9813507517385
153	87.8065518663856
154	86.6866582445228
155	83.1029392628695
156	80.9151989850638
157	77.3762732987417
158	74.8109101984214
159	71.1889144142824
160	70.1108116638913
161	67.4575252378124
162	68.0520968287964
163	65.1837829550798
164	67.2330801042248
165	69.3840023315751
166	73.1666821773246
167	75.2801889304397
168	78.3733189070456
169	81.2698624828768
170	83.1234968919309
171	85.5020311394773
172	87.3942741592118
173	90.6760641299267
174	92.5822903447586
175	93.5400433435007
176	93.7210757420597
177	92.9024013615541
178	93.3878899117996
179	94.5512439116803
180	98.3527916228106
181	98.3527916228106
182	98.3527916228106
183	98.3527916228106
184	98.3527916228106
185	98.3527916228106
186	98.3527916228106
187	98.3527916228106
188	98.3527916228106
189	94.5551520927867
190	92.0312856313557
191	88.3138561214738
192	86.2549633879579
193	82.6676568449389
194	80.3643605072297
195	77.0427302667281
196	73.6650779579124
197	70.221536247339
198	69.7882987864237
199	73.0435026165979
200	75.6616593240468
201	78.5170432124279
202	82.1497948012347
203	85.035573482373
204	88.4049531641302
205	90.2478766942009
206	89.4785253996235
207	91.1356073380635
208	90.8558880620063
209	93.4822060317343
210	94.5310217448614
211	98.3527916228106
212	98.3527916228106
213	98.3527916228106
214	98.3527916228106
215	98.3527916228106
216	98.3527916228106
217	98.3527916228106
218	98.3527916228106
219	94.5583509525668
220	91.1386251428907
221	88.1362691714087
222	85.2022458546685
223	81.6727800520712
224	78.1838471288615
225	74.6598204077013
226	72.5403336615858
227	71.6062925247978
228	67.9912217358631
229	66.3797743426101
230	65.7350179250243
231	68.805053553713
232	72.0995673255933
233	75.5221024304099
234	78.3698122153248
235	82.0574662194932
236	84.5201676851768
237	88.1818749974518
238	91.005274082852
239	93.3155155731981
240	91.5265815469339
241	88.7718663021539
242	87.067096340729
243	85.0260474968059
244	83.2493685008822
245	84.0235070279678
246	81.7841185317028
247	79.0403495452276
248	76.4534882092314
249	72.7537826771502
250	70.9061811034769
251	67.3597254305153
252	64.2624621142828
253	63.8625313164574
254	64.9717351086737
255	64.0560493576916
256	66.8600897698416
257	68.3430595513642
258	71.9053231239164
259	71.4841945436924
260	74.3044367310514
261	72.8468031495128
262	72.7920991439281
263	69.0522389147131
264	67.5757166968206
265	67.0386740877434
266	63.9669642661801
267	62.0152131261634
268	59.7466340180968
269	58.5222038038994
270	57.3491344444564
271	55.6310829725237
272	57.57100139727
273	61.2288073808142
274	63.0829094426842
275	66.4022257905753
276	64.2332358519627
277	62.2482497894069
278	59.6903884253889
279	55.9337433425863
280	52.642313950837
281	49.7047396782569
282	46.7299438420072
283	46.7261718806659
284	47.3366570573616
285	50.0227197213536
286	52.8600886474982
287	55.0446369403492
288	58.0026694668617
289	60.5543274476619
290	60.5537886333136
291	63.3115383204528
292	60.9011753426018
293	60.6180504285212
294	58.5956870250158
295	54.8045634843432
296	54.4962939286262
297	51.9375605666153
298	52.5931042331441
299	55.0054364901154
300	53.2450068179679
301	54.6219891947737
302	51.6172185547503
303	50.3822933764926
304	47.1758390562499
305	45.0284615191891
306	41.5737512910121
307	38.954954650409
308	35.2823164382998
309	33.2187299730102
310	30.1602406146543
311	28.0926208644072
312	28.1771380241444
313	27.5084103706605
314	24.5183239264833
315	23.0698139120425
316	19.2679402984261
317	19.0918171271611
//
<Attribute:Glycosylation>
//
<Parameter>
0	0
1	0
2	1
3	2
4	1
5	0
6	0
7	0
8	0
9	0
10	3.68
11	64
12	2.68666666666667
13	40.6333333333333
14	0.127
15	90.4775549115733
16	1
//
<Model>
Prior	1.1866464339909
0	406	149	252	632
1	576	526	82	255
2	448	208	210	573
3	419	199	239	582
4	538	360	120	421
5	419	219	239	562
6	432	241	226	540
7	543	536	115	245
8	623	682	35	99
9	593	621	65	160
10	450	196	208	585
11	481	223	177	558
12	338	86	320	695
13	512	249	146	532
14	498	264	160	517
15	153	13	505	768
16	569	507	89	274
//
