<Attribute:Group>
E1	119	120	121	144	146	147	148	149	150	151	184	185
E10	1	2	3	4	5	6	7	8	9	10	11	322	323	324	325
E2	116	117	118	122	123	125	126	135	136	141	142	153	154	155	156	175	178	179	180	181	182	183	188	189	190	191	192	206	239
E3	64	86	87	90	91	111	112	113	114	115	127	128	130	131	132	133	134	138	157	158	159	160	177	194	196	202	203	204	205	207	208	209	210	211	212	213	214	215	216	217	218	220	222	224	225	235	237	246	247
E4	51	52	53	57	65	67	68	69	70	71	72	82	83	84	85	93	94	95	96	97	99	101	108	109	110	162	163	165	166	197	198	199	200	201	226	227	229	230	231	232	233	251
E5	47	48	49	50	73	75	77	79	80	81	100	103	104	164	252	253	254	255	256	262	263	264	265	266	269	271	273
E6	38	39	40	43	44	45	46	257	258	259	260	261	274	275	276	277	278	279	281	284	285	286	299	300	301	302	303	304	305	306
E7	34	35	36	37	290	291	292	293	294	295	297	298	307	308	309	310	311	312	313
E8	30	31	32	314	315	316	317
E9	12	13	14	15	17	18	19	20	21	22	23	24	25	27	28	29	318	319	320	321
//
<Attribute:Char>
AA	A	L	R	K	N	M	D	F	C	P	Q	S	E	T	G	W	H	Y	I	V
FASG890101	-0.21	-4.68	2.11	3.88	0.96	-3.66	1.36	-4.65	-6.04	0.75	1.52	1.74	2.30	0.78	0.00	-3.32	-1.23	-1.01	-4.81	-3.50
GRAR740103	31	111	124	119	56	105	54	132	55	32.5	85	32	83	61	3	170	96	136	111	84
ZIMJ680104	6.00	5.98	10.76	9.74	5.41	5.74	2.77	5.48	5.05	6.30	5.65	5.68	3.22	5.66	5.97	5.89	7.59	5.66	6.02	5.96
JANJ780101	27.8	27.6	94.7	103.0	60.1	33.5	60.6	25.5	15.5	51.5	68.7	42.0	68.2	45.0	24.5	34.7	50.7	55.2	22.8	23.7
CHAM820101	0.046	0.186	0.291	0.219	0.134	0.221	0.105	0.290	0.128	0.131	0.180	0.062	0.151	0.108	0.000	0.409	0.230	0.298	0.186	0.140
//
<Attribute:Receptor>
1	0
2	3.4627597136252
3	6.1942130891991
4	9.40522058246221
5	12.6227089799709
6	16.1121825016465
7	19.7516774700322
8	22.2457728938258
9	24.3194296190831
10	26.6031848353178
11	26.5371330963669
12	30.290024661006
13	31.5485578986912
14	34.952833860688
15	36.1102852226722
16	37.0738747927953
17	37.3743938872779
18	34.893084811449
19	34.2475346471509
20	31.8887962896652
21	33.2516013960428
22	36.537425286324
23	35.007856460061
24	32.7822383604558
25	31.5776875444733
26	31.3094409148779
27	30.1763177920727
28	33.5028078300047
29	36.7496339401291
30	40.1164265139278
31	43.6556585047676
32	44.8348586228673
33	48.4974191260795
34	50.5867543819351
35	52.4530829652396
36	53.8046955664225
37	56.3621579056646
38	57.6327321067619
39	60.947001521345
40	61.7490430002299
41	62.5318364207941
42	59.1534765863273
43	60.4860667738199
44	57.3647868119404
45	56.0540437271458
46	59.2380193687929
47	61.7538470875786
48	64.7276278679497
49	68.4498523255126
50	70.3973756382543
51	73.987449733636
52	75.0492517248157
53	78.6164535663546
54	79.0756492662062
55	78.4231179199027
56	75.8524351131398
57	77.684900418652
58	80.4664502480866
59	77.5517247040168
60	76.8739526813752
61	80.275109263761
62	81.2184095017778
63	84.3557881444471
64	84.3918909997488
65	82.5441819595332
66	80.0155414181069
67	79.2699642390467
68	75.9672410481174
69	75.0719231854822
70	75.6007977448578
71	72.1596448821661
72	68.8331646238238
73	65.6920651438927
74	64.7751186235027
75	62.1940678516411
76	64.3742479292514
77	68.0497148730707
78	69.4445062083669
79	72.6757639748234
80	74.3410698357866
81	76.225513881045
82	79.35086250363
83	79.650286776309
84	82.697462037669
85	82.44468210493
86	85.6245903035092
87	89.2336145112355
88	89.471878605621
89	88.5740832965365
90	86.4841277771558
91	83.1663749650573
92	80.0755625613524
93	77.7580046739132
94	74.3364959576709
95	75.6628566383783
96	73.2455599077085
97	70.2268895668313
98	71.4985856532692
99	72.5020868747349
100	69.062750896043
101	67.7659235717098
102	70.097356006252
103	68.6436839479707
104	65.2520006228594
105	65.8698650024414
106	64.2850283357964
107	67.0762696448963
108	69.5023618663748
109	70.245907063208
110	73.2414692582844
111	72.9444296844226
112	75.1539936752854
113	75.1762725247956
114	74.8892475856451
115	76.6808776193569
116	77.2271162744028
117	80.0690248448644
118	80.5570158015713
119	83.2702342318894
120	84.9495118697314
121	84.9119408804715
122	85.5822665188532
123	88.4037229524199
124	90.877096353302
125	94.6673744433635
126	94.6673744433635
127	94.6673744433635
128	94.6673744433635
129	90.8922998745636
130	88.4794560534686
131	85.1169018896099
132	83.4782182195904
133	86.5229527327692
134	89.6249688666571
135	90.0485727589436
136	89.63962186393
137	86.0203476132906
138	84.1733044512203
139	81.8514982735498
140	83.7965578227043
141	85.9393059285087
142	87.3564037143837
143	86.2354955305707
144	89.4625602295803
145	88.7751468510178
146	86.0762703234031
147	86.1381570701223
148	89.464264796239
149	89.539479651151
150	89.5101266308185
151	90.585534907076
152	89.6067684519826
153	85.9459068489732
154	84.0545978980856
155	82.1309044059088
156	79.0244351415571
157	77.1978812051496
158	73.7921389476858
159	71.7333690147429
160	68.0855001114056
161	66.7070882860296
162	64.1863955548829
163	63.6305827277238
164	60.5991517424359
165	62.1678159694396
166	64.5647312371598
167	68.3403340855869
168	70.7967477025341
169	73.7270915178632
170	76.45272816626
171	78.6632773116913
172	82.2187959703008
173	84.0422524205348
174	87.3061241419541
175	88.9293955308892
176	89.9941999334613
177	89.9499730400483
178	89.6911737842261
179	89.7441035793951
180	90.9086410130708
181	94.6673744433635
182	94.6673744433635
183	94.6673744433635
184	94.6673744433635
185	94.6673744433635
186	94.6673744433635
187	94.6673744433635
188	94.6673744433635
189	94.6673744433635
190	90.8856042229508
191	88.4198718223156
192	85.0122372097453
193	82.2345098900918
194	78.6909439909752
195	76.154580380878
196	72.705440102327
197	69.5260334687854
198	65.9079164164813
199	65.5377452146898
200	68.9409623732749
201	71.5118493143581
202	74.3168115764549
203	77.9823405207129
204	79.9923173395564
205	82.7535067254475
206	85.742362118442
207	85.6710197927286
208	87.430495419917
209	86.4721693818657
210	87.5174580102854
211	90.9484791772932
212	94.6673744433635
213	94.6673744433635
214	94.6673744433635
215	94.6673744433635
216	94.6673744433635
217	94.6673744433635
218	94.6673744433635
219	94.6673744433635
220	90.8956878179928
221	87.6447873132525
222	84.6246363207199
223	81.4444240161706
224	78.0651986522209
225	74.626632416183
226	71.0494446018215
227	67.6448529103903
228	66.975566503108
229	63.4263433144139
230	62.3261100741401
231	61.3475788107369
232	64.7951109536311
233	68.3225246620495
234	71.6442209886345
235	74.5720871849041
236	78.2609601794239
237	80.1207373749549
238	83.7882596815826
239	86.9557519811316
240	89.3338160626949
241	87.5899215116938
242	84.5067553185267
243	82.8494099401168
244	81.2039541498422
245	79.8767691143041
246	80.2542227408385
247	77.6358532546969
248	74.8953286463298
249	72.7599822206456
250	69.0821021563621
251	67.2861076903442
252	64.0986234221
253	62.6504683623569
254	62.2482623487981
255	58.5604025819626
256	56.7058966665435
257	53.5180137435908
258	52.6366627077766
259	50.0382363607162
260	52.2718069863757
261	55.0507376981778
262	58.4144614983324
263	61.7612141386424
264	61.4571432035784
265	62.8035827669167
266	62.8306134272048
267	66.1471758290481
268	66.9664467152169
269	69.6859840697274
270	68.9498006075601
271	69.5702725987281
272	66.4906721167959
273	66.0940463732909
274	64.2176433115456
275	60.6069552738935
276	59.623795017169
277	56.0509014557899
278	55.3443457324415
279	54.7838060348071
280	55.4967061952981
281	55.4893235347233
282	57.4468418168682
283	60.981890833951
284	63.2895615814064
285	66.4567984478259
286	64.2384748904713
287	62.6446547899674
288	59.4459585433745
289	56.1407026821018
290	52.8698083180495
291	49.8683092187408
292	46.5991160288963
293	46.9058273055247
294	47.3051474159105
295	49.765821185152
296	52.768779514655
297	54.7178685890979
298	57.6170842825564
299	60.1764125547759
300	60.1361238723228
301	62.6704339489975
302	60.9767664642842
303	60.9584744761442
304	58.2127235603829
305	54.5755590816216
306	54.3547748000758
307	52.0453185098448
308	52.629345172238
309	54.6060529973603
310	52.3490576762708
311	52.7885535311172
312	50.3070463111235
313	50.2113608344039
314	46.9758387058765
315	44.2872509322009
316	41.2274706541537
317	38.8698011896816
318	35.2316609875632
319	33.7045909685253
320	30.447566548914
321	27.8181594367533
322	27.6389397756794
323	27.1677301109672
324	23.9761783295616
325	23.9846076398491
//
<Attribute:Glycosylation>
//
<Parameter>
0	0
1	0
2	1
3	2
4	1
5	0
6	0
7	0
8	0
9	0
10	3.68
11	64
12	2.68666666666667
13	40.6333333333333
14	0.127
15	90.4775549115733
16	1
//
<Model>
Prior	1.1866464339909
0	406	149	252	632
1	576	526	82	255
2	448	208	210	573
3	419	199	239	582
4	538	360	120	421
5	419	219	239	562
6	432	241	226	540
7	543	536	115	245
8	623	682	35	99
9	593	621	65	160
10	450	196	208	585
11	481	223	177	558
12	338	86	320	695
13	512	249	146	532
14	498	264	160	517
15	153	13	505	768
16	569	507	89	274
//
