<Attribute:Group>
E1	124	125	126	149	150	151	152	153	154
E10	2	10	11	12	315	317	318	319
E2	119	120	121	123	127	128	129	130	140	147	156	157	159	182	183	184	186	187	188	190	191	192	193	195
E3	65	89	90	92	93	94	115	116	118	131	132	134	135	136	137	138	139	141	143	161	162	180	181	197	199	205	206	207	208	209	210	211	212	213	214	216	217	218	219	220	222	224	226	237	239	248	249
E4	52	54	58	60	66	68	69	71	72	73	86	87	88	95	96	97	98	102	112	113	114	163	165	166	169	200	201	202	203	204	215	227	228	229	231	232	233	234	235	252
E5	47	48	50	51	53	74	75	77	81	82	83	84	100	103	104	109	110	167	168	254	255	256	257	258	260	261	263	264	265
E6	38	39	40	43	44	45	46	266	267	268	269	270	271	272	274	278	279	292	293	294	296	297	298
E7	34	35	36	37	283	284	285	286	287	288	290	291	301	302	304
E8	30	31	305	306	307	308	309
E9	13	14	15	17	19	20	21	22	23	25	28	29
//
<Attribute:Char>
AA	A	L	R	K	N	M	D	F	C	P	Q	S	E	T	G	W	H	Y	I	V
FASG890101	-0.21	-4.68	2.11	3.88	0.96	-3.66	1.36	-4.65	-6.04	0.75	1.52	1.74	2.30	0.78	0.00	-3.32	-1.23	-1.01	-4.81	-3.50
GRAR740103	31	111	124	119	56	105	54	132	55	32.5	85	32	83	61	3	170	96	136	111	84
ZIMJ680104	6.00	5.98	10.76	9.74	5.41	5.74	2.77	5.48	5.05	6.30	5.65	5.68	3.22	5.66	5.97	5.89	7.59	5.66	6.02	5.96
JANJ780101	27.8	27.6	94.7	103.0	60.1	33.5	60.6	25.5	15.5	51.5	68.7	42.0	68.2	45.0	24.5	34.7	50.7	55.2	22.8	23.7
CHAM820101	0.046	0.186	0.291	0.219	0.134	0.221	0.105	0.290	0.128	0.131	0.180	0.062	0.151	0.108	0.000	0.409	0.230	0.298	0.186	0.140
//
<Attribute:Receptor>
1	0
2	3.4868385913863
3	6.448493839378
4	9.84936677252149
5	12.5487151660345
6	16.2279603092102
7	19.27899642637
8	19.2956155007206
9	22.4054136924504
10	23.680459798604
11	25.201216520166
12	28.1974333956049
13	31.4922682396095
14	33.8476894864613
15	34.3438608955772
16	35.826887540378
17	36.2314112503664
18	34.5917780590224
19	34.9934416360324
20	31.9218215408228
21	31.9437082031071
22	34.1047259286534
23	33.7130419842539
24	31.1171552057198
25	30.1081745340275
26	29.9999333337434
27	29.1192140226108
28	32.4314239872189
29	35.6651392869529
30	38.8673968419247
31	42.5620297630188
32	44.3796841565452
33	47.8706626061533
34	49.9026333646388
35	51.4954173693748
36	52.3320480544094
37	55.3907550765326
38	57.2177604193772
39	60.0781273743182
40	62.3239764466755
41	64.3786463412563
42	62.4686872602437
43	62.2214199152594
44	60.6126071481535
45	57.531173755175
46	58.8271232257982
47	62.3683775226393
48	65.2344161395472
49	68.0335704102271
50	71.7804635192036
51	73.2889503833125
52	76.9451669218577
53	77.370072696435
54	80.5825696341059
55	81.9582205668442
56	80.7765822818467
57	78.7511035105242
58	81.1488862289383
59	84.0749481128586
60	81.3692946287472
61	79.645390848144
62	82.2986680426624
63	83.5113670870693
64	86.8782290800076
65	86.7315794166889
66	86.6989397763741
67	83.5559283296412
68	80.1635565273548
69	79.3308614486999
70	76.4800862445577
71	76.1077221858724
72	72.5644386479005
73	71.4007506968341
74	68.1449362166399
75	67.2640456647996
76	67.7194026448281
77	65.3076770347608
78	67.7146476125211
79	71.1940997652477
80	71.9286366072155
81	75.2234028005777
82	77.296401110988
83	78.7972589314916
84	81.6093821747531
85	81.970194829318
86	84.9789184694714
87	85.9953184600754
88	85.4293607896113
89	87.2881567465205
90	91.0282776904246
91	91.0316483006124
92	91.6472103602778
93	89.1405565378888
94	86.2983057430665
95	82.6623740362909
96	80.0537047240569
97	77.3467230190822
98	78.5298406198739
99	76.0132139771742
100	73.1734372420638
101	74.3965594120055
102	74.5148689700018
103	71.1046312177022
104	69.5497991746762
105	71.0493758797765
106	69.7490580313043
107	67.5245256705574
108	66.7315518846816
109	63.8987253227512
110	65.0508297109614
111	68.8614699056407
112	70.9693878311375
113	74.6999090805555
114	74.9078413189749
115	77.1658580499067
116	76.2011055419177
117	77.772563490534
118	79.2355623231057
119	82.6426248062013
120	80.2876931588413
121	79.0603404522856
122	82.821581920919
123	82.8230838541981
124	84.2957968168205
125	86.8773711884648
126	86.9520576806735
127	90.1782229410183
128	92.8751442582122
129	96.6418548921739
130	96.6418548921739
131	96.6418548921739
132	96.6418548921739
133	92.9681220494103
134	91.2346595933152
135	87.7086772940289
136	85.460332500299
137	88.0842656288358
138	89.3375078987733
139	92.1517198162547
140	92.2282937449822
141	91.1923530800813
142	87.4767479642652
143	85.5066051419438
144	83.5698253634435
145	85.7302156935933
146	87.680804674705
147	89.4228264949448
148	88.3420268216654
149	91.2669422417209
150	91.0573927873692
151	87.5349180306381
152	86.6110289042505
153	90.1774136943595
154	90.273172924922
155	90.6641993316719
156	87.9827198891843
157	87.2924402580912
158	85.286867573819
159	81.8498287294063
160	79.2954399023266
161	75.9626416334447
162	73.0801295521229
163	69.4168135882567
164	67.9215461716883
165	65.3448346985516
166	65.5982313279055
167	62.4136980910839
168	64.4479251848517
169	66.6546396663481
170	70.4062856587839
171	72.8780966877147
172	75.6076494638721
173	78.6473427843117
174	80.6115228931166
175	83.2411523359644
176	85.5491439521016
177	88.9536151716657
178	90.5972528374477
179	91.7203215945115
180	92.1775424031113
181	91.3644049397821
182	91.7706853200896
183	92.8054524106816
184	96.6418548921739
185	96.6418548921739
186	96.6418548921739
187	96.6418548921739
188	96.6418548921739
189	96.6418548921739
190	96.6418548921739
191	96.6418548921739
192	96.6418548921739
193	92.8156890567716
194	91.0772358575948
195	87.5553386180455
196	84.9575629581284
197	81.5448437641393
198	78.8690945550738
199	75.313345427141
200	71.8565217493654
201	68.9895038709678
202	67.810546458459
203	70.8949342025069
204	74.6238225096017
205	77.2648940881675
206	81.017566428375
207	82.8786653999087
208	85.9560135588955
209	88.3157858316868
210	86.8103624317181
211	88.5450143355123
212	89.5213879131057
213	91.6224264386545
214	92.8327528982651
215	96.6418548921739
216	96.6418548921739
217	96.6418548921739
218	96.6418548921739
219	96.6418548921739
220	96.6418548921739
221	96.6418548921739
222	92.842288337947
223	89.4100111438619
224	86.0924144330785
225	82.970046672337
226	79.6288461929461
227	75.974281038429
228	72.4484460996949
229	69.777320241449
230	68.4096206731115
231	64.8656584866882
232	63.5737104325886
233	63.7880452044071
234	66.9032880975215
235	70.0641507023835
236	73.7016300022562
237	76.7824242356823
238	80.5325685640959
239	83.0816673565976
240	86.7647123397957
241	90.100788236039
242	91.8506026550234
243	89.6689802338999
244	86.9892003350067
245	85.2439835996913
246	83.3980266691864
247	81.3473283548796
248	81.7816818110823
249	79.7451579960347
250	76.6924447505181
251	73.7103444534784
252	70.1085089101836
253	67.7902096531238
254	64.0501543842225
255	62.1902491095692
256	65.1569247509143
257	66.1412426852034
258	63.6336536082505
259	65.7847285029587
260	68.0388274824748
261	71.2898405935033
262	70.1046384970808
263	72.1446543378248
264	72.4702395965425
265	70.5221609621142
266	67.0584261524216
267	66.7068983697401
268	66.8579423217946
269	63.5865254277744
270	61.8196641799283
271	59.358165576335
272	58.2859054058165
273	56.8284851779686
274	55.595110185681
275	57.2268952829088
276	60.6281978993052
277	61.9904930574639
278	64.9949834828229
279	62.4779630617632
280	60.7342395299697
281	58.5860722960953
282	55.1208957389944
283	52.491801721198
284	49.1460926075237
285	46.5246678202721
286	46.8555143056234
287	48.1210989005367
288	49.9793272173897
289	52.6206865864599
290	53.8900010727195
291	56.5947051184384
292	59.86826759096
293	60.6223227741688
294	63.5275370523029
295	61.3518912622691
296	61.3192344061454
297	58.3136480335169
298	54.5309247195928
299	54.7035567626599
300	52.2677041848082
301	53.2467320671374
302	55.1227460867094
303	53.0560799879692
304	53.2809527106002
305	50.1076197421255
306	48.3624906772218
307	46.1739965861193
308	43.6632282395322
309	40.296241992854
310	38.1174236347922
311	34.4559169238518
312	32.5533021155664
313	29.5085244146831
314	26.6234677570792
315	26.0920676990151
316	23.1967074554644
317	22.7395097602364
318	19.4406038595643
319	19.7493884601495
320	19.4614465167319
//
<Attribute:Glycosylation>
//
<Parameter>
0	0
1	0
2	1
3	2
4	1
5	0
6	0
7	0
8	0
9	0
10	3.68
11	64
12	2.68666666666667
13	40.6333333333333
14	0.127
15	90.4775549115733
16	1
//
<Model>
Prior	1.1866464339909
0	406	149	252	632
1	576	526	82	255
2	448	208	210	573
3	419	199	239	582
4	538	360	120	421
5	419	219	239	562
6	432	241	226	540
7	543	536	115	245
8	623	682	35	99
9	593	621	65	160
10	450	196	208	585
11	481	223	177	558
12	338	86	320	695
13	512	249	146	532
14	498	264	160	517
15	153	13	505	768
16	569	507	89	274
//
