<Attribute:Group>
E1	123	124	150	151	152	153	154	155	156	189	191
E10	1	2	3	4	5	6	7	8	9	10	11	316	317	319	320	321	322	323	324	325
E2	118	119	120	121	122	125	126	127	129	130	147	148	157	158	159	160	183	184	185	187	188	192	193	194	196	241	243
E3	64	89	92	93	94	114	115	116	117	131	134	135	136	137	138	139	140	141	144	162	163	175	179	181	182	198	200	206	207	208	209	211	212	213	214	215	217	218	219	220	221	222	224	226	228	229	238	239	240	251
E4	54	58	60	61	66	68	69	70	71	72	73	74	85	86	87	95	96	97	98	99	100	102	111	112	113	164	166	167	168	169	170	172	201	202	203	204	205	216	230	231	233	234	235	236	237	253	254	255
E5	47	48	49	50	51	53	75	76	77	82	83	84	103	104	105	106	107	109	110	256	257	258	259	261	262	263	265	267
E6	39	40	44	45	46	260	268	269	270	271	272	273	274	275	276	280	281	294	295	296	297	299	300
E7	34	35	36	37	38	285	286	287	288	289	290	292	293	301	302	303	304	305	306	307
E8	30	31	32	33	308	309	310	311
E9	12	13	14	15	16	17	18	19	20	21	22	23	24	25	28	29	312	313	314	315
//
<Attribute:Char>
AA	A	L	R	K	N	M	D	F	C	P	Q	S	E	T	G	W	H	Y	I	V
FASG890101	-0.21	-4.68	2.11	3.88	0.96	-3.66	1.36	-4.65	-6.04	0.75	1.52	1.74	2.30	0.78	0.00	-3.32	-1.23	-1.01	-4.81	-3.50
GRAR740103	31	111	124	119	56	105	54	132	55	32.5	85	32	83	61	3	170	96	136	111	84
ZIMJ680104	6.00	5.98	10.76	9.74	5.41	5.74	2.77	5.48	5.05	6.30	5.65	5.68	3.22	5.66	5.97	5.89	7.59	5.66	6.02	5.96
JANJ780101	27.8	27.6	94.7	103.0	60.1	33.5	60.6	25.5	15.5	51.5	68.7	42.0	68.2	45.0	24.5	34.7	50.7	55.2	22.8	23.7
CHAM820101	0.046	0.186	0.291	0.219	0.134	0.221	0.105	0.290	0.128	0.131	0.180	0.062	0.151	0.108	0.000	0.409	0.230	0.298	0.186	0.140
//
<Attribute:Receptor>
1	0
2	3.29425210104041
3	6.24099661493551
4	9.73523297962211
5	12.6523864892348
6	16.1066046653419
7	19.6263959382679
8	21.859358269847
9	24.1142265929881
10	26.1180429798362
11	28.3940138389158
12	31.6537890054887
13	34.3899071278817
14	36.568509634876
15	36.9334061764101
16	37.8633812545352
17	38.1545060645226
18	36.1708252224047
19	35.9309082494246
20	32.668269609616
21	33.6369743782219
22	36.4665368890072
23	36.7261500881663
24	33.7426136351502
25	32.9762768473441
26	31.8726234252074
27	30.0652024858147
28	32.5746491661613
29	35.9770156260886
30	39.1668844685349
31	42.8207026554179
32	44.7252723089526
33	48.1566361267095
34	50.3175948214271
35	52.9838614382891
36	53.4624077962007
37	56.253930899984
38	57.4446691485298
39	60.7002372322447
40	62.573780301405
41	64.5825565984815
42	62.2502710748557
43	61.8405589142603
44	60.0421531431404
45	57.6260302576625
46	58.8169899417631
47	62.3334103862278
48	65.0249440619716
49	67.8833150037296
50	71.5371657449216
51	73.6871867679119
52	77.3289301881987
53	77.5123371467763
54	80.9808571494518
55	82.0197579106037
56	80.7470057937322
57	79.1770581169884
58	82.1691678918608
59	84.2083973619122
60	81.0662221588666
61	80.0496409841132
62	83.2910050625427
63	84.14779485379
64	87.0177080543138
65	87.0543865247902
66	85.604418195529
67	83.0043968865714
68	81.1685204917801
69	77.9783269938157
70	77.4840158595938
71	78.279041914405
72	74.8178490953493
73	72.7415712112898
74	70.8289046488773
75	67.7891000456022
76	67.5793067336847
77	65.1664116391892
78	67.6645372274009
79	71.390494913571
80	72.3471098897644
81	75.133662002288
82	75.2579399380535
83	76.7528259725356
84	79.8018282447503
85	80.4415098032785
86	84.1564751840149
87	86.161986134947
88	85.9422872021321
89	88.2793498246352
90	91.8919286187848
91	92.1875957975429
92	91.1877464094493
93	89.5013417899049
94	86.0556537422706
95	82.9046914333539
96	80.7696919220076
97	77.1483571376052
98	77.7581630682782
99	75.3051714698131
100	72.49080950202
101	73.8066538186614
102	73.4542637005345
103	69.8015122014281
104	69.5231350568391
105	71.0043495728254
106	68.395478165724
107	65.8166627016545
108	67.439524914835
109	65.9658624811464
110	67.8233588685231
111	70.3169398012364
112	71.6563846668548
113	75.3671998416239
114	76.0535062198344
115	78.724940032677
116	77.762067097572
117	79.8452595748578
118	82.1665528333904
119	81.5581912246999
120	78.4498444705003
121	80.5165241673026
122	84.0674026364982
123	87.1524894586664
124	87.2321456899091
125	87.2051853283913
126	89.1616114255173
127	91.8831475491742
128	93.9281920544133
129	97.6981058465311
130	97.6981058465311
131	97.6981058465311
132	97.6981058465311
133	93.9555262548591
134	92.8322639872019
135	89.3001310311366
136	86.5569106682749
137	86.6437462540445
138	88.8789643350233
139	90.1114113752874
140	93.0304100552439
141	93.0065894605425
142	92.5150946561129
143	88.9397267727527
144	86.6904570966845
145	84.6532665221086
146	86.7192293102001
147	88.4154805174553
148	90.2939932055727
149	89.4132732592062
150	92.2614108946325
151	92.737213890441
152	89.0482153847969
153	88.5362647651763
154	91.8586375488177
155	90.6337314934833
156	91.5243001320629
157	88.4971505700394
158	87.5726759297325
159	85.7641567935143
160	82.549648994429
161	80.6160868206665
162	77.3001055033602
163	74.5852759462355
164	70.8877832822649
165	68.7100946349975
166	66.3144621606874
167	66.7789057598536
168	63.6263203195001
169	65.5710463172184
170	67.927885793599
171	71.5651174410693
172	74.1322519685151
173	76.8967341609907
174	79.7991878624741
175	82.1467128221104
176	84.542423348082
177	86.6335956901799
178	89.9911487297437
179	91.8779329968642
180	92.8828046098482
181	92.8815283271715
182	92.3274306562035
183	92.5628590170204
184	93.921226446815
185	97.6981058465311
186	97.6981058465311
187	97.6981058465311
188	97.6981058465311
189	97.6981058465311
190	97.6981058465311
191	97.6981058465311
192	97.6981058465311
193	97.6981058465311
194	93.9309950172616
195	91.6829225575531
196	87.9875762008321
197	85.8366085970267
198	82.2639775264736
199	79.8273483639844
200	76.3390651143259
201	73.0221668370425
202	69.4212929073047
203	68.9757560645234
204	72.4800435300089
205	74.5847314931399
206	77.1922755536607
207	80.802348568445
208	83.2348496087401
209	86.5269427915936
210	88.5106417785742
211	87.7152613120309
212	89.5832406597273
213	89.5491965330095
214	91.1555836264695
215	93.944446165633
216	97.6981058465311
217	97.6981058465311
218	97.6981058465311
219	97.6981058465311
220	97.6981058465311
221	97.6981058465311
222	97.6981058465311
223	97.6981058465311
224	93.910774596165
225	90.589157893423
226	87.2426960984629
227	84.0664155258115
228	80.7118242640305
229	77.0768389116408
230	73.5544579034385
231	70.7713310489435
232	69.9611108038088
233	66.4685212671615
234	64.8054014578677
235	65.4928823882162
236	68.2527195865412
237	71.7370352214587
238	74.9988801108369
239	77.9499917340393
240	81.5979335182608
241	83.7427667248902
242	87.3213501878486
243	90.199877922548
244	92.8114377587642
245	91.0648789545878
246	88.3848500248541
247	86.4994983438101
248	84.3813732893307
249	82.6125809633857
250	83.2901652233886
251	80.68305439201
252	77.63191285932
253	74.5888731028851
254	70.8704066160715
255	68.9863547505077
256	65.6286440487397
257	63.6795669890199
258	62.0363481500855
259	60.906859414805
260	60.823664915176
261	64.4392455984709
262	67.2195174605838
263	70.3490402317793
264	69.7675759732902
265	71.7241448663494
266	70.1906120857393
267	70.5223214420286
268	67.1957334142104
269	67.1443008789006
270	66.5115537286711
271	63.3701572623235
272	60.9127028719815
273	58.8985438773542
274	57.5518555484024
275	56.7321116806379
276	55.4673831910993
277	57.2838404195807
278	60.7759878818206
279	62.2145053245998
280	65.5234251643549
281	63.2944382368125
282	61.4660831870107
283	59.1416237196565
284	55.6935383210822
285	52.4667191664834
286	49.6464112562255
287	46.8690771522899
288	46.886647748972
289	47.3957100188968
290	50.1030470798902
291	53.0213444486858
292	55.1879413443794
293	57.9003836629689
294	60.5563412950185
295	61.0206735345494
296	63.2205400826898
297	60.9560237743349
298	61.2541387463374
299	58.1202414524029
300	54.6462021255573
301	54.2152347246744
302	52.1046184168554
303	52.9705772874882
304	55.5529105569136
305	54.104289518983
306	54.6693971626768
307	51.1273544568445
308	50.3714307044931
309	47.0021521026671
310	44.9529599656067
311	41.5837774535083
312	38.749014233513
313	35.1823413386888
314	32.7673277517015
315	29.8805309562418
316	28.0589695150113
317	28.3074341823946
318	27.6627590493602
319	25.14256824946
320	23.7175120600522
321	21.7212587811257
322	21.1428131163743
323	24.1746544041512
324	25.3436275746231
325	24.3851726150746
//
<Attribute:Glycosylation>
//
<Parameter>
0	0
1	0
2	1
3	2
4	1
5	0
6	0
7	0
8	0
9	0
10	3.68
11	64
12	2.68666666666667
13	40.6333333333333
14	0.127
15	90.4775549115733
16	1
//
<Model>
Prior	1.1866464339909
0	406	149	252	632
1	576	526	82	255
2	448	208	210	573
3	419	199	239	582
4	538	360	120	421
5	419	219	239	562
6	432	241	226	540
7	543	536	115	245
8	623	682	35	99
9	593	621	65	160
10	450	196	208	585
11	481	223	177	558
12	338	86	320	695
13	512	249	146	532
14	498	264	160	517
15	153	13	505	768
16	569	507	89	274
//
