<Attribute:Group>
E1	122	146	148	149	152	153	186	187
E10	1	2	3	4	5	6	7	8	9	10	11	313	314	316	317	318
E2	116	117	118	119	123	124	125	126	127	136	137	138	143	144	155	156	157	158	177	179	180	181	182	183	184	185	190	191	192	193	194	208	241
E3	64	86	87	90	91	92	112	113	114	115	128	129	131	132	133	134	135	140	159	160	196	198	204	205	206	207	209	210	211	212	213	214	215	216	217	218	219	220	222	224	226	227	237	239	248	249
E4	52	53	55	65	67	68	69	70	71	72	82	83	84	85	93	94	95	96	97	99	109	110	111	162	164	165	168	199	200	201	202	203	228	229	231	232	233	234	235	252	253
E5	47	48	49	50	73	74	75	79	80	81	100	101	103	104	166	167	254	255	256	257	258	259	261	263
E6	38	39	40	44	45	46	265	266	267	268	270	271	273	276	277	278	292	293	294	295	296	297	298
E7	34	35	36	37	282	283	284	285	286	287	289	290	299	300	301	302	303	304	305
E8	30	31	32	306	307	308	309
E9	12	13	14	15	17	18	19	20	21	22	23	24	25	27	28	29	310	311	312
//
<Attribute:Char>
AA	A	L	R	K	N	M	D	F	C	P	Q	S	E	T	G	W	H	Y	I	V
FASG890101	-0.21	-4.68	2.11	3.88	0.96	-3.66	1.36	-4.65	-6.04	0.75	1.52	1.74	2.30	0.78	0.00	-3.32	-1.23	-1.01	-4.81	-3.50
GRAR740103	31	111	124	119	56	105	54	132	55	32.5	85	32	83	61	3	170	96	136	111	84
ZIMJ680104	6.00	5.98	10.76	9.74	5.41	5.74	2.77	5.48	5.05	6.30	5.65	5.68	3.22	5.66	5.97	5.89	7.59	5.66	6.02	5.96
JANJ780101	27.8	27.6	94.7	103.0	60.1	33.5	60.6	25.5	15.5	51.5	68.7	42.0	68.2	45.0	24.5	34.7	50.7	55.2	22.8	23.7
CHAM820101	0.046	0.186	0.291	0.219	0.134	0.221	0.105	0.290	0.128	0.131	0.180	0.062	0.151	0.108	0.000	0.409	0.230	0.298	0.186	0.140
//
<Attribute:Receptor>
1	0
2	3.5548523609757
3	6.42734070453299
4	9.7011522261684
5	13.0485224086912
6	16.5137763704556
7	20.2298800287981
8	22.4633995344289
9	24.6782299226088
10	27.1451110397961
11	27.6392757665582
12	31.428547251295
13	32.1343689635354
14	35.3264161116474
15	36.3307792034555
16	37.4630570348928
17	37.6919955006629
18	35.3360476689933
19	34.7146663890539
20	32.3455124184711
21	33.4254701470632
22	36.6834577971373
23	35.1280170469903
24	32.9641356751914
25	31.9426194341433
26	31.5901916276608
27	30.5470265057906
28	33.8498216723729
29	37.2814080603212
30	40.7264224504746
31	44.3305246831847
32	45.6221744976756
33	49.2673526030375
34	51.3921630306302
35	53.4110444881395
36	54.6235036240786
37	57.3393852394613
38	58.6624600692841
39	61.9871480311553
40	62.8379002786919
41	63.663669061184
42	60.2722536438757
43	61.4337382882804
44	58.4257729825296
45	57.1647951610882
46	60.364045775254
47	62.7377250317518
48	65.7703610811002
49	69.5418527349778
50	71.46512270045
51	75.0803062035402
52	76.173924522542
53	79.693389021704
54	80.1968308264048
55	79.4566092765333
56	76.8817241955401
57	78.6850810354565
58	81.5421321275548
59	78.5963093059185
60	77.9146087486082
61	81.3327634514047
62	82.2780570586564
63	85.383506139641
64	85.6559023343847
65	83.6563717219466
66	81.1416747225616
67	80.4104430327222
68	77.004866311481
69	76.2038437407418
70	76.6337266775747
71	73.1998423009496
72	69.842616400725
73	66.668729456367
74	65.8007113686655
75	63.3142215177095
76	65.3857220999239
77	69.0683766826482
78	70.5287758264687
79	73.7767409656762
80	75.4165893930962
81	77.3455321219228
82	80.4315391220731
83	80.7839715912779
84	83.8432328224879
85	83.4745635603659
86	86.702066260949
87	90.3043276075713
88	90.5045298315053
89	89.7578835651848
90	87.5942307574412
91	84.2827074643553
92	81.1731235734995
93	78.8520223874124
94	75.3920740683295
95	76.8469397340586
96	74.4221215652385
97	71.3814013336043
98	72.7229807032421
99	73.7267478181062
100	70.2399677118767
101	68.7611254358841
102	71.2012961486418
103	69.6552358122629
104	66.1810034157787
105	66.86484842506
106	65.4296056607258
107	68.0853172890604
108	70.5903438286933
109	71.2662254117242
110	74.2768043358261
111	73.9600186643773
112	76.2152701852361
113	76.1623457537362
114	75.8814157306896
115	77.7575777088808
116	78.196706616992
117	81.1745284051406
118	81.1591743741806
119	81.5872467587901
120	85.0272853836371
121	86.176846020172
122	85.9455217873029
123	86.595110103679
124	89.5035322045523
125	91.9617965312206
126	95.7887445319125
127	95.7887445319125
128	95.7887445319125
129	95.7887445319125
130	91.9343670205626
131	89.5288561143766
132	86.0966435728841
133	84.0462845681741
134	85.951158750838
135	88.0189675724368
136	90.8489325921723
137	91.1937242925664
138	90.7094758837703
139	87.1034455733274
140	85.2272441650139
141	82.9309140383961
142	84.8888319634558
143	87.0120989881982
144	88.4603449112586
145	87.2722912795309
146	90.5194191481466
147	90.153559619241
148	87.2000833440439
149	87.2514535095799
150	90.6018130690917
151	91.0534687215716
152	90.9241634605354
153	91.6810915524119
154	90.8969468051049
155	87.1889725581913
156	85.0432116461036
157	83.4220090693905
158	80.1398950214852
159	78.2860999888727
160	74.8878169448412
161	72.7677963759394
162	69.109030103156
163	67.7269280903491
164	65.1865125544897
165	64.5700942567965
166	61.499688260268
167	63.2891979196904
168	65.5926295168977
169	69.367894318492
170	71.8061926034792
171	74.7559838714571
172	77.5664072229941
173	79.7675230428999
174	83.3403341916321
175	85.1482639506605
176	88.449759997251
177	90.0716346851455
178	91.1768309377523
179	91.0853707428117
180	90.7457270820121
181	90.7604428305425
182	91.9347069088476
183	95.7887445319125
184	95.7887445319125
185	95.7887445319125
186	95.7887445319125
187	95.7887445319125
188	95.7887445319125
189	95.7887445319125
190	95.7887445319125
191	95.7887445319125
192	92.0188510320905
193	89.5106762780624
194	86.0763184189374
195	83.2069204193285
196	79.6711828987125
197	77.1454395942144
198	73.7022261100335
199	70.5343880166496
200	66.8527063096541
201	66.5085232041971
202	69.9378038720448
203	72.5365117574024
204	75.3897804405671
205	79.0290792309585
206	80.8924658691055
207	83.8731794592859
208	86.9068885884736
209	86.8047734166428
210	88.602575246403
211	87.5866754636834
212	88.5718803929668
213	92.0397274607324
214	95.7887445319125
215	95.7887445319125
216	95.7887445319125
217	95.7887445319125
218	95.7887445319125
219	95.7887445319125
220	95.7887445319125
221	95.7887445319125
222	92.0003294279409
223	88.743689102748
224	85.7581546688985
225	82.5460463929379
226	79.1609712895327
227	75.729244687699
228	72.1279173697019
229	68.6879798932533
230	68.0884880349051
231	64.5240526095538
232	63.1995506020222
233	62.7523330893844
234	65.7233483263076
235	69.3469701965923
236	72.6627286407133
237	75.6347270912135
238	79.3421382558445
239	81.1756606684701
240	84.8520608938072
241	88.009493346869
242	90.4578103736247
243	88.5070583260945
244	85.4631688094649
245	84.0042420392317
246	82.3535433797153
247	80.929486104925
248	81.1936496709669
249	78.7180736019227
250	75.9512868066897
251	73.7327121597926
252	70.0431234479301
253	68.2745040372159
254	65.2230703695453
255	62.4189401872658
256	62.3488003034901
257	63.8078345386056
258	63.8248800909535
259	67.2037279847772
260	68.0207680662065
261	70.7147849124188
262	70.0488691437137
263	70.5915504619372
264	67.5697869856104
265	67.2034358402086
266	65.3326784530506
267	61.7481568460338
268	60.8353270309012
269	57.2620367955902
270	56.6244911239896
271	55.6788773793028
272	56.5363850614297
273	56.6456510159422
274	58.4211654960691
275	62.0039132610596
276	64.3287256349061
277	67.4186728717986
278	65.3860253114217
279	63.6756978841713
280	60.454286208627
281	57.1454348910445
282	53.8217516565587
283	50.778536600822
284	47.4040700471131
285	47.6093105169721
286	48.2151509951615
287	50.6470435116807
288	53.6377108909684
289	55.5242387358643
290	58.5402881612117
291	61.0475807344805
292	60.9756176973405
293	63.7001600196595
294	62.0406576231705
295	62.1128214859142
296	59.2215779203195
297	55.5164166875974
298	55.3952299410775
299	52.9844668484846
300	53.5635124425563
301	55.4872572020384
302	53.1721520472945
303	53.662931602071
304	51.0120076811772
305	50.7768215558831
306	47.5382137369047
307	44.87188338553
308	41.8078686498003
309	39.4681952181851
310	35.8030154207314
311	34.1581795580296
312	30.9394458464217
313	28.2755629375009
314	27.815739404877
315	27.4113775673971
316	24.2096996584302
317	23.5057451060447
318	19.9278028754843
//
<Attribute:Glycosylation>
//
<Parameter>
0	0
1	0
2	1
3	2
4	1
5	0
6	0
7	0
8	0
9	0
10	3.68
11	64
12	2.68666666666667
13	40.6333333333333
14	0.127
15	90.4775549115733
16	1
//
<Model>
Prior	1.1866464339909
0	406	149	252	632
1	576	526	82	255
2	448	208	210	573
3	419	199	239	582
4	538	360	120	421
5	419	219	239	562
6	432	241	226	540
7	543	536	115	245
8	623	682	35	99
9	593	621	65	160
10	450	196	208	585
11	481	223	177	558
12	338	86	320	695
13	512	249	146	532
14	498	264	160	517
15	153	13	505	768
16	569	507	89	274
//
