<Attribute:Group>
E1	125	151	152	153	154	155	156	157	158
E10	9	10	11	12	13	14	15	16	17	319	320	321	322	323	324	325	326	327
E2	122	123	124	127	128	129	130	131	132	149	159	160	162	180	185	186	187	189	190	191	193	194	195	196	245
E3	70	92	94	96	97	118	119	120	121	133	134	136	137	138	139	140	141	145	163	164	165	183	184	198	200	202	208	209	210	211	213	214	215	216	217	219	220	221	222	223	224	226	230	231	241	242	243	252
E4	59	61	71	73	74	75	76	77	78	89	90	91	98	99	100	101	102	103	105	107	113	114	115	116	117	166	168	169	171	172	173	203	204	205	206	207	218	232	233	235	236	237	238	239	256	257
E5	53	54	55	56	58	79	80	81	85	86	87	88	106	110	170	258	259	260	262	264	265	267	269
E6	45	46	49	50	51	52	261	270	271	272	273	274	275	276	277	278	282	283	296	297	298	299	300	301	302
E7	40	41	42	43	44	287	288	289	290	291	292	294	295	303	305	306	307	308	309	310
E8	36	37	38	311	312	313	314
E9	18	19	20	21	22	23	24	25	26	27	28	29	30	31	32	33	34	35	315	316	317	318
//
<Attribute:Char>
AA	A	L	R	K	N	M	D	F	C	P	Q	S	E	T	G	W	H	Y	I	V
FASG890101	-0.21	-4.68	2.11	3.88	0.96	-3.66	1.36	-4.65	-6.04	0.75	1.52	1.74	2.30	0.78	0.00	-3.32	-1.23	-1.01	-4.81	-3.50
GRAR740103	31	111	124	119	56	105	54	132	55	32.5	85	32	83	61	3	170	96	136	111	84
ZIMJ680104	6.00	5.98	10.76	9.74	5.41	5.74	2.77	5.48	5.05	6.30	5.65	5.68	3.22	5.66	5.97	5.89	7.59	5.66	6.02	5.96
JANJ780101	27.8	27.6	94.7	103.0	60.1	33.5	60.6	25.5	15.5	51.5	68.7	42.0	68.2	45.0	24.5	34.7	50.7	55.2	22.8	23.7
CHAM820101	0.046	0.186	0.291	0.219	0.134	0.221	0.105	0.290	0.128	0.131	0.180	0.062	0.151	0.108	0.000	0.409	0.230	0.298	0.186	0.140
//
<Attribute:Receptor>
1	0
2	0
3	0
4	0
5	0
6	0
7	0
8	0
9	0
10	3.3812930101939
11	6.3948561072541
12	9.79785999555139
13	13.537925595291
14	15.6060518673363
15	17.8302272076488
16	20.2833007835481
17	20.6919932278226
18	24.5045850273577
19	25.4854309549545
20	28.6438398479251
21	29.4468160273313
22	30.6586317667964
23	31.0676525150081
24	28.5773193852518
25	27.5441651474435
26	25.6692135912807
27	26.5878332100171
28	30.0675348051882
29	28.7988712059531
30	25.9605931701369
31	25.1067003646218
32	24.8045448909071
33	23.8605120373094
34	27.346041536356
35	30.7044960990754
36	33.7211627213794
37	37.2775343772265
38	39.1485589515165
39	42.6270713259206
40	44.8080055259577
41	46.5655936394701
42	48.1868904424945
43	50.6914194351981
44	50.6218155860282
45	54.2216702850105
46	55.104352149356
47	55.824821491272
48	53.3741506629049
49	55.1595120670441
50	51.7731296616314
51	50.6295389814631
52	54.0236120858215
53	57.0662424857582
54	59.5138452645819
55	63.1532216539
56	64.902186648935
57	68.4862115638684
58	69.2600622393886
59	72.9356491608422
60	73.2044924589658
61	71.8894256456308
62	70.1344696952889
63	72.4539959964416
64	75.4527340764835
65	72.8985987443762
66	71.8037063041408
67	75.3352104002778
68	76.4909592330624
69	79.0043067614411
70	79.2502238620248
71	77.4432453647071
72	74.9087719678865
73	73.6190998027572
74	70.6340022439191
75	69.350636293043
76	70.2421020721482
77	67.2201293967384
78	65.1951674111933
79	61.8720865613797
80	60.5952860807122
81	57.8478771449171
82	59.863453933381
83	63.53099280919
84	64.0602208195599
85	67.4004905841337
86	68.284901030131
87	69.8210197542705
88	71.9649085152754
89	73.6871878728285
90	77.461888870664
91	79.5786833601457
92	82.604826862451
93	84.3392120861217
94	84.0482989079668
95	83.1247078873043
96	80.9697993106826
97	78.5975826864115
98	75.2029970987043
99	73.6704554450235
100	70.0722106167021
101	70.8042796431158
102	67.7268727037609
103	65.7019646114346
104	67.4347602694564
105	67.2294503927421
106	63.5709324186121
107	62.3589612864531
108	64.3787804646855
109	62.9596684240785
110	59.480488332638
111	60.3520554797018
112	61.0250809078766
113	63.3659768265015
114	67.0806279110431
115	66.0792433653825
116	69.0450615217473
117	68.1409174559948
118	70.7567690804474
119	69.1224702380278
120	70.4274405813769
121	71.2443786553157
122	71.7811707486602
123	75.5434553302866
124	75.2389789523479
125	78.0967278355148
126	80.0521842130813
127	77.1429406549252
128	79.8396311679873
129	83.0545165092065
130	85.6287830860563
131	89.4352918539432
132	89.4352918539432
133	89.4352918539432
134	89.4352918539432
135	85.6154162015168
136	84.3584796651775
137	80.8616659582092
138	78.7148259125767
139	79.5042384858457
140	82.544563953351
141	85.0614871029284
142	85.279014553281
143	84.3528246381119
144	80.6802658117204
145	79.0851004547468
146	76.9188926113495
147	78.791043219117
148	80.2877094410868
149	82.2621097148922
150	80.987011378012
151	84.3207422159008
152	83.8356392754344
153	80.5972191002259
154	79.2700853139854
155	79.1374463511208
156	82.335117137783
157	83.7208265246232
158	83.5437098932131
159	80.0908056722423
160	78.927529009265
161	77.8092685011368
162	74.1955188241373
163	72.0017450547402
164	68.7000567214447
165	66.3389532480083
166	62.6777793574498
167	60.3986139103492
168	57.6488498857078
169	58.0546975319741
170	55.3878032240898
171	57.7599690773715
172	59.9139359568981
173	63.6509952763749
174	66.0296330509956
175	69.0180326353311
176	71.6564790420595
177	73.6506672464335
178	76.2426817634418
179	78.6011995523242
180	81.9430777619674
181	83.9641917817457
182	84.475737236843
183	84.8029927487472
184	84.2909740177282
185	84.59016791332
186	85.6121817325891
187	89.4352918539432
188	89.4352918539432
189	89.4352918539432
190	89.4352918539432
191	89.4352918539432
192	89.4352918539432
193	89.4352918539432
194	89.4352918539432
195	89.4352918539432
196	85.5781414809346
197	83.235568553666
198	79.7677430953385
199	77.5509147983294
200	74.1126480546506
201	71.6547235559388
202	68.31766971034
203	64.9537044462607
204	62.0370043709635
205	60.867236302331
206	63.7139258521151
207	67.1804823737432
208	69.747844000044
209	72.8412407813449
210	74.4990998024195
211	77.6985464788403
212	80.526859837028
213	79.8250088196096
214	81.8460978914726
215	82.194998420663
216	84.2686375206246
217	85.5718703133913
218	89.4352918539432
219	89.4352918539432
220	89.4352918539432
221	89.4352918539432
222	89.4352918539432
223	89.4352918539432
224	89.4352918539432
225	89.4352918539432
226	85.6107142302049
227	82.1419369331951
228	79.2881666945692
229	76.045144916736
230	72.7836449383976
231	69.3022154372601
232	66.3784769611615
233	63.1793476888594
234	62.0432992831206
235	58.4050886158076
236	56.3883519804844
237	56.7070188472598
238	59.8703979085897
239	63.3028483975804
240	66.889976309467
241	69.7300468415106
242	73.3788388521124
243	75.5016044023028
244	79.1865216838204
245	82.0378229624912
246	84.5615644302971
247	83.0575764322581
248	80.4701239804452
249	78.0796854852811
250	76.3066279462944
251	74.658657122043
252	74.7847947634005
253	71.0873933094232
254	68.6416297907086
255	67.2292109525324
256	63.5467835732407
257	61.2643293038279
258	58.2603736824387
259	55.585200406504
260	53.2109814257239
261	52.2270310507291
262	55.0480436796563
263	58.0184159271423
264	59.5087733628123
265	62.5629618098253
266	62.5148351527652
267	65.0109054747524
268	63.3016162992111
269	63.5299698138681
270	60.1225958162192
271	59.5911688143898
272	58.3470978086147
273	55.1401238852628
274	52.7632382845015
275	49.9256161149549
276	48.4134224913703
277	48.5819532633213
278	48.4527066987825
279	50.2402131705166
280	53.9030205080244
281	55.6412015569697
282	59.0366038065948
283	56.6844343689857
284	55.0288363986075
285	52.2406162000274
286	49.2101182060893
287	45.5880735043147
288	44.659016383556
289	40.9992030977276
290	41.0752741843848
291	41.1628106042705
292	43.8457042269422
293	46.7843963064872
294	48.6215244096114
295	51.5326553493411
296	54.227557447992
297	54.1712529757886
298	56.7811329763975
299	54.6876820800321
300	54.2066596636353
301	50.8718548312918
302	47.3008027031299
303	47.8786374770567
304	45.8237772505727
305	46.4773488282349
306	48.6542035531144
307	46.61152679294
308	47.0631038292495
309	44.069653304486
310	44.4110199442277
311	40.8079388517491
312	38.0623773853246
313	34.9504190358848
314	32.5834227026127
315	28.9502692946352
316	27.5217617656014
317	24.088366402167
318	21.4546139079268
319	21.2480116544808
320	20.3925839261685
321	16.9950668542926
322	15.9363765354162
323	16.9353234953294
324	18.5678373772936
325	18.9292966833196
326	16.8565602998577
327	13.5832335694115
//
<Attribute:Glycosylation>
//
<Parameter>
0	0
1	0
2	1
3	2
4	1
5	0
6	0
7	0
8	0
9	0
10	3.68
11	64
12	2.68666666666667
13	40.6333333333333
14	0.127
15	90.4775549115733
16	1
//
<Model>
Prior	1.1866464339909
0	406	149	252	632
1	576	526	82	255
2	448	208	210	573
3	419	199	239	582
4	538	360	120	421
5	419	219	239	562
6	432	241	226	540
7	543	536	115	245
8	623	682	35	99
9	593	621	65	160
10	450	196	208	585
11	481	223	177	558
12	338	86	320	695
13	512	249	146	532
14	498	264	160	517
15	153	13	505	768
16	569	507	89	274
//
