<Attribute:Group>
E1	124	125	126	151	152	153	154	155	156
E10	1	2	3	4	5	6	7	8	9	10	11	317	318	320	321	322	323
E2	119	120	121	122	123	127	129	131	132	148	149	158	159	161	184	185	186	188	189	190	192	193	194	195	197	242
E3	89	90	93	115	116	118	133	136	137	138	139	140	141	142	143	145	162	163	164	182	183	199	201	207	208	209	210	211	212	213	214	215	216	218	220	221	222	223	225	229	240	251	252
E4	53	54	56	58	66	68	69	71	72	73	85	86	87	88	94	95	96	97	98	99	100	102	112	113	114	165	167	168	169	170	171	202	203	204	205	206	217	219	230	231	232	234	235	236	237	238	255	256
E5	47	48	49	50	51	74	77	80	81	82	83	84	103	104	109	110	257	258	259	260	261	263	264	266
E6	39	43	45	46	267	268	269	270	271	272	273	274	275	277	281	282	296	297	298	299	300	301
E7	34	35	36	37	38	286	287	288	289	290	291	293	294	295	302	303	304	305	306	307
E8	30	31	32	308	309	310	311	312	313
E9	12	13	14	15	16	17	18	19	20	21	22	23	25	27	28	29	314	315	316
//
<Attribute:Char>
AA	A	L	R	K	N	M	D	F	C	P	Q	S	E	T	G	W	H	Y	I	V
FASG890101	-0.21	-4.68	2.11	3.88	0.96	-3.66	1.36	-4.65	-6.04	0.75	1.52	1.74	2.30	0.78	0.00	-3.32	-1.23	-1.01	-4.81	-3.50
GRAR740103	31	111	124	119	56	105	54	132	55	32.5	85	32	83	61	3	170	96	136	111	84
ZIMJ680104	6.00	5.98	10.76	9.74	5.41	5.74	2.77	5.48	5.05	6.30	5.65	5.68	3.22	5.66	5.97	5.89	7.59	5.66	6.02	5.96
JANJ780101	27.8	27.6	94.7	103.0	60.1	33.5	60.6	25.5	15.5	51.5	68.7	42.0	68.2	45.0	24.5	34.7	50.7	55.2	22.8	23.7
CHAM820101	0.046	0.186	0.291	0.219	0.134	0.221	0.105	0.290	0.128	0.131	0.180	0.062	0.151	0.108	0.000	0.409	0.230	0.298	0.186	0.140
//
<Attribute:Receptor>
1	0
2	3.64878648171999
3	6.55481309709479
4	10.1767145528406
5	13.1676006634891
6	16.553216517962
7	20.1576071268489
8	22.6766713152621
9	24.1448195725225
10	26.3867988832203
11	28.1936881227519
12	31.7229806001877
13	34.3372752277512
14	35.9814467112826
15	36.2110638681949
16	37.1552599655746
17	37.2046424474351
18	35.0713780266537
19	34.9182017150063
20	31.620100010747
21	32.3290866802102
22	35.066927607968
23	35.4574578091543
24	32.7425498061912
25	32.2154922985621
26	31.8827730820546
27	30.4920950132685
28	33.5430601052469
29	36.7364038673661
30	40.0422752775598
31	43.584050865232
32	45.2617276655814
33	48.801079488533
34	50.8969926552377
35	52.6571082539025
36	53.506076487853
37	56.6999697875648
38	58.2423947779198
39	61.2663466125319
40	63.3498355318119
41	65.3826205322199
42	63.2235758388184
43	63.1376265621682
44	61.5120141986019
45	58.3776056293025
46	59.6045814891766
47	63.1024299799291
48	65.9617584397585
49	68.7753418270662
50	72.4647980642701
51	74.5183310653486
52	78.0861984431184
53	78.840074435003
54	81.8694411205068
55	83.1186897521513
56	81.9607348957391
57	79.8064999343584
58	82.1014853095874
59	85.0378832931473
60	82.2348853813029
61	80.5036322864937
62	83.748375651207
63	85.4337080625921
64	87.5544072415157
65	88.5635988846829
66	87.4326001409514
67	84.4146471162157
68	81.2682596265686
69	81.5731999814378
70	78.8833934528654
71	78.4486709418339
72	75.2941185329684
73	73.5245279619703
74	70.348559535516
75	68.9717269901716
76	68.4840856929394
77	66.0672381203174
78	68.5365137645739
79	72.0478947410405
80	72.9959497666854
81	76.3795644684323
82	78.054951775941
83	79.4692766458925
84	82.735937294912
85	83.0212052628207
86	85.6770459522391
87	86.9195688829082
88	86.6568602452129
89	88.4170343696293
90	92.0955636234922
91	92.132451028314
92	92.0332438882649
93	89.6015970334883
94	86.6848456294573
95	83.0396486537867
96	81.2978771191454
97	77.7293356311127
98	78.6441070323975
99	76.0533728520306
100	73.206681374795
101	74.2057159087501
102	74.4608723925907
103	70.8847562403588
104	69.6195174818328
105	71.9247918005397
106	70.1757844526146
107	68.0764564297103
108	67.6871561172491
109	65.3182336142961
110	67.2283779649398
111	70.9848079555398
112	73.1912796990024
113	76.7009300744856
114	76.5658734605132
115	78.4749068239058
116	77.0457517214826
117	78.1990908932273
118	79.4687760543863
119	82.9353696043118
120	81.1588689350293
121	79.3785392721371
122	82.8165555865019
123	83.6930650988622
124	85.596954011099
125	88.017509920496
126	87.5194205288835
127	89.1845777845202
128	91.4124192489801
129	94.4285341622062
130	94.0840614619037
131	97.8103283605571
132	97.8103283605571
133	97.8103283605571
134	97.8103283605571
135	93.9786652751593
136	92.1979633510446
137	89.7879873680537
138	86.6582034957612
139	87.6644729998692
140	90.441984856078
141	93.8749438812463
142	94.5697115982725
143	93.4952253490405
144	89.6958638680598
145	87.6893865071523
146	85.0200169491801
147	86.639554663091
148	88.1023870236927
149	89.0448355050469
150	89.2680966849351
151	92.2021250832142
152	92.4112118587579
153	88.6954141536103
154	87.3512185992055
155	90.2920383289076
156	91.0420194875815
157	91.7400655985343
158	88.7302620612397
159	87.7424524177378
160	85.6318750515363
161	82.4156738986992
162	79.7867623981844
163	76.6962597568985
164	74.1840559927036
165	70.4622513714889
166	68.7926249021509
167	66.8037495586319
168	67.3080648052076
169	64.2284669321014
170	65.9792634710502
171	68.0058131824838
172	71.6685582215631
173	74.2841717896252
174	76.77842343019
175	79.7058401324961
176	81.1052198005986
177	84.4975939306963
178	86.8082760974564
179	90.1464615819655
180	91.8955950614133
181	92.9479521924681
182	93.0253133135588
183	92.6541478943593
184	92.7016614111465
185	94.032568971713
186	97.8103283605571
187	97.8103283605571
188	97.8103283605571
189	97.8103283605571
190	97.8103283605571
191	97.8103283605571
192	97.8103283605571
193	97.8103283605571
194	97.8103283605571
195	94.0338109171974
196	92.1757825935941
197	88.5544657319308
198	85.6774244624789
199	82.4806429104247
200	79.6045351616877
201	76.087517999096
202	72.6645100799761
203	69.7685511344254
204	68.6430976212497
205	71.7736899062558
206	75.5347091547976
207	78.2494518464538
208	81.9453222779866
209	83.9352712075217
210	87.0697102684732
211	89.0911574710745
212	88.1492570949054
213	89.8380769846909
214	90.8341848700604
215	92.2241059339078
216	94.0784776132736
217	97.8103283605571
218	97.8103283605571
219	97.8103283605571
220	97.8103283605571
221	97.8103283605571
222	97.8103283605571
223	97.8103283605571
224	97.8103283605571
225	94.043261331687
226	90.7710151838331
227	87.3844524740908
228	84.298538730756
229	80.9924491541887
230	77.4595344202706
231	73.9286203604998
232	70.8773113554015
233	69.7158485468998
234	66.196075340756
235	64.8272301889177
236	64.6971967357772
237	67.7223166116894
238	71.2117654294512
239	74.6729101381192
240	77.5832880926385
241	81.2929303814564
242	83.6524216650036
243	87.3280601899749
244	90.6121194861217
245	92.8123970885206
246	91.1681291765518
247	88.4813836721156
248	85.8595803504951
249	83.9075456175232
250	82.0611770818373
251	82.7190046611595
252	81.1393079658722
253	78.0919530471597
254	75.39094627719
255	71.7736676299642
256	69.5703224823707
257	65.8624774782207
258	63.6844026441754
259	66.1374969430788
260	66.1615473571756
261	63.9437660608491
262	66.1889207385046
263	68.532925231181
264	71.9967257061425
265	71.2192009681354
266	73.7375141087917
267	71.0971880172729
268	71.5404867356063
269	68.14403164189
270	67.531730225901
271	67.3807197860125
272	64.1858430856863
273	61.9620228915395
274	59.6616627089252
275	58.8871845640959
276	57.7301593988374
277	56.4604864019716
278	58.1844888867996
279	61.6817760231052
280	63.0084541437854
281	66.2093043106944
282	63.8473705830019
283	62.0416007343191
284	59.813414156901
285	56.4106372989079
286	53.4178970574622
287	50.3244584517095
288	47.4029932792418
289	47.7356082115638
290	48.7415954138017
291	50.50999866826
292	53.2652490475735
293	54.6219231457312
294	57.4916320398674
295	60.5286708866732
296	61.0595925039787
297	63.9524990444299
298	62.0448959432075
299	61.8803222792885
300	59.0437784882767
301	55.3239364332588
302	55.4349383682514
303	52.9827701178868
304	53.5378810710747
305	55.4736344296418
306	53.2871940032367
307	53.4839170801478
308	50.4097571298219
309	48.912128986756
310	47.0478412859466
311	44.3381129865893
312	41.1947438188428
313	38.82502027456
314	35.294660196488
315	33.4446552575746
316	30.4467174047896
317	28.1505649745105
318	28.4975225740359
319	27.8470987967355
320	25.6781675929772
321	23.009454401759
322	23.653951979291
323	24.0174629398404
//
<Attribute:Glycosylation>
//
<Parameter>
0	0
1	0
2	1
3	2
4	1
5	0
6	0
7	0
8	0
9	0
10	3.68
11	64
12	2.68666666666667
13	40.6333333333333
14	0.127
15	90.4775549115733
16	1
//
<Model>
Prior	1.1866464339909
0	406	149	252	632
1	576	526	82	255
2	448	208	210	573
3	419	199	239	582
4	538	360	120	421
5	419	219	239	562
6	432	241	226	540
7	543	536	115	245
8	623	682	35	99
9	593	621	65	160
10	450	196	208	585
11	481	223	177	558
12	338	86	320	695
13	512	249	146	532
14	498	264	160	517
15	153	13	505	768
16	569	507	89	274
//
