<Attribute:Group>
E1	127	128	129	130	131	154	155	157	158	159	160	161	162	194	196
E10	1	2	3	4	5	6	7	8	9	10	11	12	13	14	15	16	17	18	19	20	324	326	327	328	329	330
E2	123	124	125	126	132	133	134	135	144	145	152	163	165	166	184	188	189	190	192	193	197	198	199	201	246	248	255
E3	73	74	76	95	98	99	100	101	119	120	121	122	136	139	140	141	142	143	148	149	167	168	169	186	187	203	205	206	210	211	212	213	214	215	216	217	218	219	220	221	222	223	224	225	226	227	229	233	234	235	242	244
E4	61	62	64	66	77	79	80	81	82	92	93	94	102	103	104	105	106	108	109	110	118	171	172	173	174	175	176	207	208	209	236	238	239	240	241	259	261	262
E5	55	56	57	58	59	84	89	90	91	113	263	264	265	267	268	269	270	272	274	275
E6	46	47	48	49	52	53	54	273	276	277	278	279	281	285	286	298	299	300	301	302	303	304	305	306	309
E7	41	43	44	45	290	291	292	293	294	295	297	307	308	310	311	312	313
E8	25	26	38	39	40	314	315	316	317
E9	21	22	23	24	27	28	29	30	31	32	33	34	36	37	318	319	320	321	322
//
<Attribute:Char>
AA	A	L	R	K	N	M	D	F	C	P	Q	S	E	T	G	W	H	Y	I	V
FASG890101	-0.21	-4.68	2.11	3.88	0.96	-3.66	1.36	-4.65	-6.04	0.75	1.52	1.74	2.30	0.78	0.00	-3.32	-1.23	-1.01	-4.81	-3.50
GRAR740103	31	111	124	119	56	105	54	132	55	32.5	85	32	83	61	3	170	96	136	111	84
ZIMJ680104	6.00	5.98	10.76	9.74	5.41	5.74	2.77	5.48	5.05	6.30	5.65	5.68	3.22	5.66	5.97	5.89	7.59	5.66	6.02	5.96
JANJ780101	27.8	27.6	94.7	103.0	60.1	33.5	60.6	25.5	15.5	51.5	68.7	42.0	68.2	45.0	24.5	34.7	50.7	55.2	22.8	23.7
CHAM820101	0.046	0.186	0.291	0.219	0.134	0.221	0.105	0.290	0.128	0.131	0.180	0.062	0.151	0.108	0.000	0.409	0.230	0.298	0.186	0.140
//
<Attribute:Receptor>
1	1.832383283987
2	0.203475889803002
3	0
4	3.482441538798
5	2.974891071616
6	6.272085581222
7	7.45664273822899
8	10.943902191868
9	14.36901255919
10	17.9226261308232
11	21.2886356388704
12	24.3399747150578
13	27.6370703262368
14	30.785620858702
15	34.1183951719502
16	37.7833927866405
17	40.1385265378713
18	42.3436518449095
19	44.8393990145877
20	45.0142229123302
21	48.7974651572162
22	50.3124360697439
23	53.5311500504547
24	54.2820774868075
25	55.4191135745214
26	55.9063688387596
27	53.276039368744
28	52.521950496046
29	50.0895683504858
30	51.4664743207673
31	54.916850271416
32	53.7264203426894
33	50.805527649293
34	50.1128264774342
35	49.6393397380697
36	48.5511947069831
37	51.8599790560167
38	55.1297175572049
39	58.2549517370533
40	61.9242273480148
41	63.6727850979991
42	67.2377475855912
43	69.5256935119531
44	71.3619334516566
45	73.062474718086
46	75.3462306807304
47	75.0522333019194
48	78.692317205728
49	79.3952867290718
50	80.2329523281877
51	77.9403926984966
52	79.462840534286
53	76.5869309974096
54	75.2909416117554
55	78.4683107220675
56	81.5001355610408
57	84.01080403751
58	87.6148573365355
59	89.4723871372285
60	92.9909327202141
61	93.8193712129751
62	97.2954452036708
63	98.0784846428531
64	96.7912152558315
65	94.9628138516924
66	97.130334680189
67	100.296887199233
68	97.9014151877903
69	97.0617072638624
70	100.592642755882
71	101.779917103625
72	103.983078169956
73	103.978865308867
74	102.321513198783
75	99.9209206892419
76	98.8379735583309
77	95.3966306861917
78	94.4060986072939
79	95.4943435703965
80	92.5235703840751
81	90.3099252719898
82	87.2288749790764
83	85.4037846379555
84	82.4855276801806
85	84.424430180446
86	88.129207531433
87	88.484622523853
88	92.0585788312645
89	92.9722243771718
90	94.9246352018987
91	96.5472417746929
92	98.3438982203188
93	102.096381666471
94	104.333547897307
95	107.150827309854
96	109.291327935146
97	109.372723684917
98	108.088946113656
99	106.010197612777
100	103.770860509397
101	100.496811800801
102	98.9697385126549
103	95.4934541774786
104	95.9100737895897
105	92.6122372220809
106	90.9409825877525
107	92.7764910181857
108	92.1972147438061
109	88.6023599653732
110	87.7890860239955
111	89.3657098934266
112	88.00497229694
113	84.4472926906409
114	85.6076813633084
115	86.0034664393287
116	88.540265785212
117	92.2626556279705
118	91.613243359933
119	94.3361167415092
120	93.6373276610797
121	96.1099098694166
122	94.8735528004826
123	95.0542876540186
124	96.4179321917097
125	96.8866970955647
126	100.582815222075
127	100.539098541565
128	102.987759959522
129	105.32025313957
130	104.986676837641
131	105.343775664689
132	108.367632607597
133	110.838597392256
134	114.635607400144
135	114.635607400144
136	114.635607400144
137	114.635607400144
138	110.856047240549
139	109.217382044919
140	106.054795900058
141	104.064656638741
142	105.086550221553
143	107.36753138238
144	110.325852302694
145	110.268577975008
146	109.719645439347
147	106.149997404392
148	104.526945470887
149	102.415632522919
150	104.497253835585
151	105.957056484236
152	107.472078311769
153	106.041559518034
154	109.328678062005
155	109.850866027823
156	107.465125617167
157	105.102473288006
158	104.843059417111
159	108.008588688838
160	108.359550995044
161	108.597818235226
162	105.329655057691
163	104.388020123131
164	102.660819552336
165	99.0912648280054
166	97.0802601520831
167	93.6682906667134
168	91.2783331156732
169	87.7428246136788
170	85.8994309843437
171	83.4830422248651
172	83.0998352358224
173	80.6406544365054
174	83.0227677776109
175	85.2635543734998
176	88.9838898553089
177	91.4221904607962
178	94.5258769444666
179	97.1808693614337
180	99.1464674304749
181	101.528672251147
182	103.805317560994
183	107.178840473385
184	108.969911591155
185	109.669387006323
186	109.654841093641
187	109.633496945546
188	109.668908194434
189	110.870440338777
190	114.635607400144
191	114.635607400144
192	114.635607400144
193	114.635607400144
194	114.635607400144
195	114.635607400144
196	114.635607400144
197	114.635607400144
198	114.635607400144
199	110.884826148191
200	108.324473904487
201	105.063319376897
202	102.511792117816
203	99.0279944500481
204	96.6908086551037
205	93.2298185102199
206	89.8404632585989
207	86.8745406879299
208	85.7825882513617
209	88.7685481548413
210	92.4572767596291
211	94.7313810650161
212	98.0313846239946
213	99.8619335848738
214	103.339120114266
215	105.12328791434
216	105.106442483951
217	106.870092349615
218	106.83542913295
219	109.218900559267
220	110.877074441661
221	114.635607400144
222	114.635607400144
223	114.635607400144
224	114.635607400144
225	114.635607400144
226	114.635607400144
227	114.635607400144
228	114.635607400144
229	110.869580979631
230	107.592438653053
231	104.515192932347
232	101.176513225572
233	97.939760730987
234	94.4092458637727
235	91.2976925404141
236	88.6525837500759
237	87.184790035264
238	83.6487739704436
239	82.1845871234254
240	81.5296691714818
241	85.1337738978005
242	88.4185235615475
243	91.9399251235523
244	94.6937928889216
245	98.333271739264
246	100.478338701698
247	104.10495376421
248	107.32624990444
249	109.464651008914
250	108.291283637914
251	105.459001764071
252	103.519312558786
253	101.757745543454
254	100.178214619978
255	100.313933964403
256	96.6207326018003
257	94.2175960621121
258	93.0098937471799
259	89.3569755146958
260	87.3792557550687
261	84.0861762434105
262	83.3470138075902
263	80.3057455594666
264	79.4605758862988
265	78.7147863209983
266	82.4292425633606
267	84.212378150112
268	87.3096436659955
269	87.3719346835051
270	89.7560451652493
271	88.095834906771
272	88.3143709360263
273	84.6809350767818
274	84.0184956160452
275	82.7110785077703
276	79.3750272432606
277	76.8911009124444
278	74.0235913950255
279	72.8514189432648
280	73.2251840021636
281	73.1591194099585
282	75.0149583645717
283	78.6427966457725
284	80.3362647679593
285	83.7553282239448
286	81.4475820144721
287	79.9914922144447
288	76.9027619733809
289	73.9162321225197
290	70.3510597226527
291	69.1569081223502
292	65.6215317279455
293	65.6449616195463
294	65.8840201849568
295	68.4877284348004
296	71.5119851960666
297	73.4491574317381
298	76.2535035234673
299	78.9863354720948
300	79.191681404284
301	81.4614655122217
302	79.4656445056512
303	79.0970819242608
304	75.6965104922803
305	72.2607863385749
306	72.7120848143688
307	70.6719080789995
308	71.1451555170007
309	73.4451040528917
310	71.3658009295807
311	71.7840600651877
312	68.9410980034999
313	69.1302388267548
314	65.5530983974453
315	62.9022636748444
316	59.7033690605314
317	57.3123553639938
318	53.718376167922
319	52.1592492716487
320	48.7639710078393
321	46.0295781461491
322	45.9184083157809
323	45.2180884441917
324	41.9209492836404
325	41.1821697065956
326	38.0136351598003
327	40.3541641454522
328	42.3109938235752
329	42.0573958969663
330	43.1429403006435
//
<Attribute:Glycosylation>
//
<Parameter>
0	0
1	0
2	1
3	2
4	1
5	0
6	0
7	0
8	0
9	0
10	3.68
11	64
12	2.68666666666667
13	40.6333333333333
14	0.127
15	90.4775549115733
16	1
//
<Model>
Prior	1.1866464339909
0	406	149	252	632
1	576	526	82	255
2	448	208	210	573
3	419	199	239	582
4	538	360	120	421
5	419	219	239	562
6	432	241	226	540
7	543	536	115	245
8	623	682	35	99
9	593	621	65	160
10	450	196	208	585
11	481	223	177	558
12	338	86	320	695
13	512	249	146	532
14	498	264	160	517
15	153	13	505	768
16	569	507	89	274
//
