<Attribute:Group>
E1	124	125	126	150	151	152	153	154	155	156
E10	1	2	3	4	5	6	7	8	9	10	11	25	316	317	318	319	320	321	322
E2	119	120	121	122	123	127	129	147	148	157	158	160	183	184	185	187	188	189	191	192	193	194	196	241	243
E3	89	90	115	116	118	131	134	135	137	138	139	140	141	142	144	161	162	163	181	182	198	200	206	207	208	209	210	211	212	213	214	215	217	219	220	221	222	224	226	228	239	250	251
E4	54	56	58	66	68	69	71	72	73	85	86	87	88	94	95	96	97	98	99	102	112	113	114	136	164	166	167	168	169	170	201	202	203	204	205	216	218	229	230	231	233	234	235	236	237	254
E5	48	50	51	53	74	75	77	82	83	84	100	103	104	109	110	256	257	258	259	260	262	263	265
E6	39	40	43	44	45	46	47	266	267	268	269	270	271	272	273	274	276	280	281	295	296	297	298	299	300
E7	34	35	36	37	38	285	286	287	288	289	290	292	293	294	301	302	303	304	305	306
E8	30	31	32	307	308	309	310	311
E9	12	13	14	15	17	18	19	20	21	22	23	27	28	29	312	313	314	315
//
<Attribute:Char>
AA	A	L	R	K	N	M	D	F	C	P	Q	S	E	T	G	W	H	Y	I	V
FASG890101	-0.21	-4.68	2.11	3.88	0.96	-3.66	1.36	-4.65	-6.04	0.75	1.52	1.74	2.30	0.78	0.00	-3.32	-1.23	-1.01	-4.81	-3.50
GRAR740103	31	111	124	119	56	105	54	132	55	32.5	85	32	83	61	3	170	96	136	111	84
ZIMJ680104	6.00	5.98	10.76	9.74	5.41	5.74	2.77	5.48	5.05	6.30	5.65	5.68	3.22	5.66	5.97	5.89	7.59	5.66	6.02	5.96
JANJ780101	27.8	27.6	94.7	103.0	60.1	33.5	60.6	25.5	15.5	51.5	68.7	42.0	68.2	45.0	24.5	34.7	50.7	55.2	22.8	23.7
CHAM820101	0.046	0.186	0.291	0.219	0.134	0.221	0.105	0.290	0.128	0.131	0.180	0.062	0.151	0.108	0.000	0.409	0.230	0.298	0.186	0.140
//
<Attribute:Receptor>
1	0
2	3.3266228889764
3	6.59401666833639
4	9.8256341145962
5	13.0263502403383
6	16.2956585872557
7	20.0442675642463
8	22.7185665779898
9	23.9336284701739
10	26.457281157144
11	28.2385457397631
12	31.5032096156725
13	33.7555455987401
14	35.4636342912673
15	35.8522917703329
16	37.0044132178169
17	37.215934773923
18	35.1976528492688
19	35.1821936488431
20	32.0092054234554
21	32.5783422410267
22	35.2036032580087
23	35.2253818306587
24	32.3626221140357
25	31.3480125807874
26	31.3678635526293
27	30.2962173478483
28	33.4315118998353
29	36.7371817023218
30	40.0624414226781
31	43.7297813065008
32	45.4081600245217
33	48.9974539009935
34	51.1612741099948
35	52.8580370174921
36	53.7340163110957
37	56.8548042485295
38	58.3963731710228
39	61.4418450295106
40	63.4492369609364
41	65.4842821645735
42	63.2587996172514
43	63.1134362664029
44	61.5993461102205
45	58.4914469640203
46	59.5908455360314
47	63.1500137039891
48	65.9884356659246
49	68.8762945202499
50	72.5881275187353
51	74.5915020014507
52	78.237761032709
53	78.9721357345409
54	81.8662236972336
55	83.2619837829483
56	82.240060829964
57	80.1172343432683
58	82.5062217669686
59	85.427340972007
60	82.5805102550145
61	80.892184662081
62	83.6078197867092
63	84.7282873325448
64	87.9625739389807
65	88.0243440718052
66	87.6505033938088
67	84.6578001985615
68	81.3046317270339
69	80.3436826444141
70	77.7415410192859
71	77.5973612018349
72	74.1730507837316
73	72.5410969506288
74	69.4599981016829
75	68.097940627559
76	68.6149844660088
77	66.2041923029433
78	68.7190216452793
79	72.2516890382451
80	73.1722345937224
81	76.5866181276962
82	78.2748605802369
83	79.6771369465486
84	82.2446334924406
85	83.1374592587991
86	86.2243668129116
87	87.061530907404
88	86.9247661098488
89	88.7409965400893
90	92.371286140629
91	92.683707740333
92	92.5098774361759
93	89.894238017859
94	86.8934649311422
95	83.3477174121076
96	81.6540219905685
97	78.0081920801574
98	78.7949002291197
99	76.2352893233462
100	73.3995061954761
101	74.3906041504999
102	74.7856878288874
103	71.1941104809373
104	69.9884268602525
105	72.1512409175468
106	70.5062777679131
107	68.3076421285295
108	67.6794622434462
109	64.7734092479011
110	66.5538240205822
111	70.3354034665597
112	72.7191761641499
113	76.3564084353349
114	76.5845706797583
115	78.7766007868665
116	77.7385782359197
117	79.1660345387072
118	80.5672538701519
119	84.2844018140712
120	82.9271748630614
121	79.7771590671252
122	83.1843305723701
123	84.1041292520063
124	86.1935599607757
125	88.5559477866049
126	88.4028646416352
127	91.5306231763496
128	94.3981685576903
129	98.1890741223279
130	98.1890741223279
131	98.1890741223279
132	98.1890741223279
133	94.3809005443512
134	92.513118960419
135	88.7780035668597
136	85.7197884571424
137	86.1231181303644
138	89.4371846120564
139	90.3147800587308
140	93.1191471011569
141	93.7361961765495
142	92.8164735416035
143	89.165720588303
144	87.1718398958988
145	84.9703561436433
146	87.1596142534132
147	89.2566114719722
148	90.8025593149238
149	89.7004255844274
150	92.5102180755523
151	93.0165700865634
152	89.3116146884583
153	87.7888627783215
154	91.2002523332135
155	91.5241746482173
156	92.2825968304051
157	89.1630049335836
158	88.1514224547315
159	86.0428678833412
160	82.7240609312569
161	80.0819053486074
162	76.9949210135104
163	74.3816728151713
164	70.6204242823376
165	69.4331268070333
166	67.2311413102036
167	67.5673055581185
168	64.4250916854174
169	66.0011895382177
170	68.1081336283872
171	71.8365331063272
172	74.4272793458385
173	77.1747148886991
174	80.191684506053
175	81.9672649137347
176	84.7934077708544
177	87.1386698310814
178	90.5043023625422
179	92.2508349051862
180	93.3730565766788
181	93.3962885022527
182	92.8557474869154
183	92.9579743335646
184	94.3857674031689
185	98.1890741223279
186	98.1890741223279
187	98.1890741223279
188	98.1890741223279
189	98.1890741223279
190	98.1890741223279
191	98.1890741223279
192	98.1890741223279
193	98.1890741223279
194	94.3808408048958
195	92.4446115713141
196	88.8237879013948
197	85.964168028619
198	82.8878474394766
199	79.8155335272221
200	76.4475344574376
201	72.8828223058301
202	70.1863435768972
203	69.0365181966462
204	72.1248909200866
205	75.854913873955
206	78.5090971660406
207	82.2116582799584
208	84.2371446141918
209	87.4007387085581
210	89.5105667621881
211	88.5211868143376
212	90.371292723491
213	91.2671027268366
214	92.5408169575026
215	94.3705253142072
216	98.1890741223279
217	98.1890741223279
218	98.1890741223279
219	98.1890741223279
220	98.1890741223279
221	98.1890741223279
222	98.1890741223279
223	98.1890741223279
224	94.3870233599103
225	91.0840594847638
226	87.6959934498085
227	84.6133614706842
228	81.2655954905572
229	77.71020403631
230	74.1546364338776
231	71.1564603012413
232	70.262539768778
233	66.6859069640881
234	65.1913498068543
235	64.7967664752065
236	67.8766136151371
237	71.3668560000324
238	74.8551421347695
239	77.8056817893525
240	81.5426294268381
241	83.9433027497416
242	87.6058278812164
243	91.0575108995835
244	93.0521922860385
245	91.3700569644084
246	88.7401308480776
247	86.5140682122652
248	84.7385305645381
249	82.8594319869093
250	83.2615385923082
251	81.3472062330467
252	78.2399543923749
253	75.2207230713708
254	71.6389885104132
255	69.2832789767174
256	65.5061518386642
257	63.2167516372541
258	66.2155614282244
259	66.5594978052161
260	64.2732968203111
261	66.4344568990011
262	68.7961422338619
263	72.2918122786503
264	71.4425706872992
265	74.0487230478302
266	71.3656931833038
267	71.7533988708803
268	68.354850334872
269	67.441118970806
270	67.4374214025146
271	64.1506711339385
272	61.8350420075817
273	59.5001246147489
274	58.8602817559203
275	57.6030498036046
276	56.6765746914336
277	58.402485251202
278	61.896178426338
279	63.2640630700748
280	66.4988863033831
281	64.2385995895618
282	62.1818605394915
283	59.9823541636609
284	56.6360951677451
285	53.448855303015
286	50.4402113505299
287	47.6320503372988
288	47.8937180941616
289	49.0341096426337
290	50.7439059911051
291	53.551354131271
292	54.9109314403689
293	57.8058690860755
294	60.9178460502614
295	61.302080899784
296	64.2677004767929
297	62.2975012813392
298	62.1585775118175
299	59.2514411048986
300	55.5150737825425
301	55.6895458778874
302	53.2128090595195
303	53.8149856809864
304	55.7841559523797
305	53.5955161346544
306	53.785491136267
307	50.7578185623071
308	49.287601332646
309	47.2042745248008
310	44.5026219765584
311	41.2265400758162
312	38.9230504831466
313	35.3074805595054
314	33.4348054908315
315	30.4420636421598
316	28.0262657050475
317	27.6841913623374
318	27.11702673378
319	23.9869686872393
320	22.3135733266165
321	18.9049284499427
322	15.6654100858832
//
<Attribute:Glycosylation>
//
<Parameter>
0	0
1	0
2	1
3	2
4	1
5	0
6	0
7	0
8	0
9	0
10	3.68
11	64
12	2.68666666666667
13	40.6333333333333
14	0.127
15	90.4775549115733
16	1
//
<Model>
Prior	1.1866464339909
0	406	149	252	632
1	576	526	82	255
2	448	208	210	573
3	419	199	239	582
4	538	360	120	421
5	419	219	239	562
6	432	241	226	540
7	543	536	115	245
8	623	682	35	99
9	593	621	65	160
10	450	196	208	585
11	481	223	177	558
12	338	86	320	695
13	512	249	146	532
14	498	264	160	517
15	153	13	505	768
16	569	507	89	274
//
