<Attribute:Group>
E1	151	152	153	154	155	156
E10	1	2	3	4	5	6	7	8	9	10	11	12	13	20	21	25	27	317	318	319	320	321	322	323	324	325	326	327	328
E2	119	120	121	122	123	124	125	126	127	129	148	150	158	159	160	184	185	186	188	189	190	192	193	194	195	244
E3	65	93	115	117	118	130	131	134	138	139	140	141	142	144	147	161	162	163	164	180	182	183	197	199	201	208	209	210	211	212	213	214	215	216	221	222	223	225	227	240	242	251	252
E4	56	57	60	61	66	68	69	71	72	73	86	87	89	94	95	96	97	98	111	112	113	114	135	136	137	165	167	168	171	202	203	204	205	206	207	217	218	219	220	229	230	231	232	234	235	236	237	238	255
E5	49	50	51	53	54	74	75	76	79	81	82	83	84	99	100	102	103	104	105	106	107	108	109	110	169	170	256	257	258	259	264	266
E6	40	43	44	45	46	47	48	77	260	261	262	263	265	269	270	271	272	273	274	275	282	283	298	300	301
E7	36	37	38	39	276	278	287	294	295	296	297	299	302	303	304	305	306
E8	31	32	33	34	35	288	289	290	291	292	307	308	309	310	311	312
E9	14	15	16	17	18	19	22	23	28	29	30	313	314	315	316
//
<Attribute:Char>
AA	A	L	R	K	N	M	D	F	C	P	Q	S	E	T	G	W	H	Y	I	V
FASG890101	-0.21	-4.68	2.11	3.88	0.96	-3.66	1.36	-4.65	-6.04	0.75	1.52	1.74	2.30	0.78	0.00	-3.32	-1.23	-1.01	-4.81	-3.50
GRAR740103	31	111	124	119	56	105	54	132	55	32.5	85	32	83	61	3	170	96	136	111	84
ZIMJ680104	6.00	5.98	10.76	9.74	5.41	5.74	2.77	5.48	5.05	6.30	5.65	5.68	3.22	5.66	5.97	5.89	7.59	5.66	6.02	5.96
JANJ780101	27.8	27.6	94.7	103.0	60.1	33.5	60.6	25.5	15.5	51.5	68.7	42.0	68.2	45.0	24.5	34.7	50.7	55.2	22.8	23.7
CHAM820101	0.046	0.186	0.291	0.219	0.134	0.221	0.105	0.290	0.128	0.131	0.180	0.062	0.151	0.108	0.000	0.409	0.230	0.298	0.186	0.140
//
<Attribute:Receptor>
1	1.86023808013269
2	2.54948630548959
3	0
4	1.3050022079276
5	1.1342640750314
6	3.44543114481779
7	7.16937167872639
8	9.63413975997069
9	11.1722505309026
10	13.6269116006019
11	15.6468605188885
12	18.8697654574793
13	21.4028694828154
14	23.0263523760729
15	23.3612828722067
16	24.6159306428665
17	25.1750669929539
18	23.3151935903581
19	23.169702730277
20	20.0051907366539
21	20.9066120386355
22	23.6394695916323
23	23.4378174605858
24	20.347211743268
25	19.135453266229
26	18.5690521412684
27	17.1991465002507
28	20.0731935518823
29	23.470838480181
30	26.4697063364658
31	30.0700505224607
32	31.6239460777939
33	35.1944161091104
34	37.4348708519064
35	39.730361568214
36	41.063234947851
37	44.1433298806805
38	45.194034319485
39	48.6846222644836
40	50.5009576794776
41	52.3567052673204
42	50.26812676135
43	49.7554306581222
44	47.5033873377824
45	45.1820498983799
46	48.1667420474474
47	49.9345151932927
48	52.8029515557504
49	55.6731233337898
50	59.2920229218306
51	60.920989467055
52	64.6168631325722
53	65.3791855956858
54	69.1548459357301
55	70.0847608324606
56	69.1318652708341
57	66.9362009624231
58	69.2764880841056
59	71.9091204450746
60	69.110266325932
61	67.848451343704
62	71.1445369997937
63	72.2490797950106
64	74.9136184141407
65	75.1637366127286
66	74.1267801280235
67	71.121387975948
68	69.8107693201602
69	66.1505144796575
70	65.6772332656681
71	67.1102104409456
72	63.7570546243764
73	61.8222774563032
74	59.16641502809
75	56.1057451507251
76	55.4036249731055
77	52.8358813636741
78	55.2900648548343
79	58.8820016617611
80	59.8882131908453
81	63.3388989085864
82	63.9194431973799
83	66.1655772697003
84	67.2609248703943
85	68.9878895624245
86	72.7039677107852
87	74.511698155549
88	73.7918031273373
89	76.0576588288146
90	79.7422624493122
91	79.8362962401778
92	79.2604877348698
93	76.9033925630479
94	73.6610390574859
95	70.3504363496386
96	68.3123358554624
97	64.7292072601826
98	66.5394114722461
99	63.7608652537879
100	61.1098298805984
101	62.5391644109835
102	62.65640593241
103	59.2390621371058
104	58.2309320608158
105	60.3818160596851
106	58.7144392774339
107	55.3318636449294
108	55.5239411450355
109	54.4448060085109
110	57.0082747037188
111	60.1833253217488
112	61.3157875830044
113	64.6257879852791
114	64.1615146053565
115	66.3267103276115
116	65.874170375671
117	67.4841371041679
118	68.037832433058
119	70.7853102166536
120	67.7793715692061
121	67.6640170647285
122	71.3896922142583
123	72.6105316393223
124	75.6569451522861
125	75.8786488832395
126	76.3060634057131
127	79.161012366353
128	81.6998510458656
129	85.4505208527134
130	85.4505208527134
131	85.4505208527134
132	85.4505208527134
133	81.7007841952933
134	80.4720008919218
135	76.9572984371635
136	74.6320545103893
137	72.4765835937315
138	74.3168375448408
139	78.0630927481563
140	80.9041607701858
141	80.6742215530464
142	80.5813898214102
143	77.0265567027422
144	74.5632832783789
145	72.5335714837641
146	74.5499144016943
147	76.5923989298677
148	78.1794793179675
149	76.814475808829
150	80.1434601784795
151	79.9610121315253
152	76.6865257591502
153	74.3135448717749
154	75.4173742874528
155	79.1769029969622
156	78.8407125347665
157	79.2504868205487
158	75.9942760906527
159	74.9172567337425
160	73.7081807111573
161	70.213174561446
162	67.9404825032408
163	64.4917703174358
164	61.9639144141493
165	58.3498685727405
166	57.3614301055924
167	54.691142299173
168	55.4434273413451
169	52.5778339531002
170	54.577596728167
171	56.6316464645628
172	60.4019164604523
173	62.4955884633553
174	65.5826096137331
175	68.4427695610229
176	70.3127232255815
177	72.693409580956
178	74.5906326857017
179	77.8367587077551
180	79.7448915272139
181	80.6111297753153
182	80.7944855220914
183	79.9630272536283
184	80.4591249557723
185	81.6703662262464
186	85.4505208527134
187	85.4505208527134
188	85.4505208527134
189	85.4505208527134
190	85.4505208527134
191	85.4505208527134
192	85.4505208527134
193	85.4505208527134
194	85.4505208527134
195	81.6835008102926
196	79.0069562336535
197	75.3366923985621
198	73.4499869895888
199	69.8545006552399
200	67.5776044986317
201	64.2747306903605
202	60.9014517257587
203	57.5451061093343
204	57.0236671928375
205	60.1983664693741
206	62.8024130730334
207	65.6223645844165
208	69.2240058232932
209	71.9966844481781
210	75.3737470138302
211	77.1606271863266
212	76.411365084612
213	78.1801727179952
214	77.9581812314736
215	80.4737361477056
216	81.7267961045614
217	85.4505208527134
218	85.4505208527134
219	85.4505208527134
220	85.4505208527134
221	85.4505208527134
222	85.4505208527134
223	85.4505208527134
224	85.4505208527134
225	81.68537477321
226	78.3007340726758
227	75.3281477613874
228	72.3845718248012
229	68.920477961057
230	65.4516513346631
231	61.9202333704067
232	59.7613760051324
233	58.8593852244631
234	55.2359476305082
235	53.6792945465099
236	52.9846346642848
237	56.0419362216911
238	59.2697086231434
239	62.6675297848136
240	65.5531969623004
241	69.230298227854
242	71.6102510215287
243	75.2985983254282
244	78.1198004924759
245	80.4844006366896
246	78.7518997259441
247	75.9603291265152
248	74.2349925994388
249	72.1272282416506
250	70.5126513593753
251	71.2837356492877
252	68.9845708649356
253	66.1961673190317
254	63.7207413784527
255	60.0462062191713
256	58.0923768915453
257	54.6078364364697
258	51.5447095956442
259	51.0205384246029
260	52.1453888007308
261	51.1688183570671
262	53.9667807953441
263	55.3367830906886
264	58.8042967487245
265	58.3559361354678
266	61.1373075521231
267	59.8756212634677
268	61.5959303091723
269	58.9632154971284
270	55.7678243950127
271	54.5038925549489
272	54.0829762883073
273	50.9698569089898
274	49.0252939213681
275	46.7532774237558
276	45.5194880461355
277	44.4130646815519
278	42.6961513684139
279	44.4729341253328
280	48.105290621799
281	49.9852914441786
282	53.2328423205783
283	50.9536912302684
284	49.1676592097834
285	46.5737201098539
286	42.8168063886886
287	39.6302302709198
288	36.653674192299
289	33.5008651368186
290	33.6637118952192
291	34.0847433933972
292	36.617625034423
293	39.73335566282
294	41.6102348819308
295	44.8725328542924
296	47.1535741075746
297	47.1518838926335
298	50.0164011232775
299	47.6769941441838
300	47.4005055964747
301	45.5446758547686
302	41.7910537350309
303	41.2974240870278
304	38.7704347988081
305	38.9695217670655
306	41.419512131586
307	39.7067928782686
308	41.1013401500217
309	38.2449017486279
310	37.4298960129636
311	34.2987906278227
312	31.7524324230495
313	28.5294138712079
314	25.8599178938575
315	22.2831920822169
316	20.4281051716577
317	17.3547655518138
318	15.1811461507851
319	15.2371303207073
320	14.5688837737068
321	11.5375851783675
322	9.54803824509379
323	5.8820087326542
324	3.3459820013198
325	1.0790564645685
326	3.7451982721128
327	7.239557267037
328	7.7466341481218
//
<Attribute:Glycosylation>
//
<Parameter>
0	0
1	0
2	1
3	2
4	1
5	0
6	0
7	0
8	0
9	0
10	3.68
11	64
12	2.68666666666667
13	40.6333333333333
14	0.127
15	90.4775549115733
16	1
//
<Model>
Prior	1.1866464339909
0	406	149	252	632
1	576	526	82	255
2	448	208	210	573
3	419	199	239	582
4	538	360	120	421
5	419	219	239	562
6	432	241	226	540
7	543	536	115	245
8	623	682	35	99
9	593	621	65	160
10	450	196	208	585
11	481	223	177	558
12	338	86	320	695
13	512	249	146	532
14	498	264	160	517
15	153	13	505	768
16	569	507	89	274
//
