<Attribute:Group>
A	118	120	121	122	126	127	128	129	131	132	133	134	136	138	139	140	141	142	145	146	148	164	251	252
B	124	125	151	152	153	154	155	156	159	161	182	183	184	185	186	188	189	190	192	193	194	195
C	34	35	36	37	38	40	41	43	44	45	268	269	270	271	272	273	275	276	277	282	287	291	294	296	297	301	302	304	305	306	307	308	309
D	89	94	95	96	113	117	162	163	165	166	167	168	169	170	171	172	173	175	178	197	199	201	203	204	205	206	207	208	209	210	211	212	213	214	215	221	222	223	224	225	226	234	236	238	240	242	243	244
E	47	48	50	51	53	54	56	57	58	66	68	69	70	71	72	73	74	75	78	79	80	82	83	84	85	86	102	256	257	258	259	260	262	266
//
<Attribute:Char>
AA	A	L	R	K	N	M	D	F	C	P	Q	S	E	T	G	W	H	Y	I	V
FASG890101	-0.21	-4.68	2.11	3.88	0.96	-3.66	1.36	-4.65	-6.04	0.75	1.52	1.74	2.30	0.78	0.00	-3.32	-1.23	-1.01	-4.81	-3.50
GRAR740103	31	111	124	119	56	105	54	132	55	32.5	85	32	83	61	3	170	96	136	111	84
ZIMJ680104	6.00	5.98	10.76	9.74	5.41	5.74	2.77	5.48	5.05	6.30	5.65	5.68	3.22	5.66	5.97	5.89	7.59	5.66	6.02	5.96
JANJ780101	27.8	27.6	94.7	103.0	60.1	33.5	60.6	25.5	15.5	51.5	68.7	42.0	68.2	45.0	24.5	34.7	50.7	55.2	22.8	23.7
CHAM820101	0.046	0.186	0.291	0.219	0.134	0.221	0.105	0.290	0.128	0.131	0.180	0.062	0.151	0.108	0.000	0.409	0.230	0.298	0.186	0.140
//
<Attribute:Receptor>
1	0
2	3.2095710014535
3	6.4863949519016
4	9.8051581988113
5	12.8496611453169
6	16.2589621756688
7	19.9285485171912
8	22.3367384847269
9	24.4186598473763
10	26.4800186683113
11	28.8644128114559
12	31.9996609133439
13	34.3388733360614
14	36.6854143260196
15	36.9451057119471
16	37.8858820584443
17	38.17885287517
18	36.1762952188459
19	36.1711755991997
20	33.0503642462866
21	33.8052432735574
22	36.6680092144279
23	36.6207552148341
24	33.5801056263541
25	32.7179207354888
26	31.7361474084
27	30.2441514808691
28	32.8124039332616
29	36.1388323429653
30	39.3488007588023
31	42.9808603005636
32	44.9542295684825
33	48.325730922985
34	50.6423284399381
35	53.0423830030303
36	53.8170427012415
37	56.4579575854214
38	57.7323964238719
39	59.3557883179571
40	60.9774784715863
41	62.4400943844281
42	64.1840501598517
43	61.4689291114801
44	60.3801664153056
45	56.5112444543329
46	57.9961929970582
47	61.6710521307998
48	63.7205093355753
49	66.3392240013669
50	69.8446578050752
51	72.2829447221799
52	75.9676141413075
53	76.6686021295247
54	80.3575460272176
55	80.8468189871292
56	80.0761100726001
57	78.047694748855
58	80.9119759111766
59	82.1834528623269
60	79.915399766716
61	80.0342274800917
62	83.6256781804328
63	84.6834919601604
64	86.0710208790458
65	86.7977760038272
66	84.8871145775433
67	81.8167567637004
68	81.4194972237755
69	77.6496101522859
70	77.1957852765079
71	78.7880116956819
72	75.2886289726353
73	73.2180298421736
74	71.2531050866918
75	68.1383281063995
76	66.8664242698655
77	63.8486757986718
78	66.4591717071687
79	70.2604677937815
80	71.8260962705733
81	75.1888696413075
82	75.7313437128442
83	77.190694829245
84	80.2239996372509
85	80.7958661346986
86	84.5211812329713
87	85.2759106437306
88	85.0460040460694
89	87.1472213045856
90	90.0036155761398
91	90.5710424525263
92	91.7536984023898
93	89.9580646894834
94	86.4947332550659
95	83.2888750891792
96	81.2005690462859
97	77.5566541222741
98	78.2513930510106
99	75.7786311324787
100	72.9111776047612
101	73.7735141010184
102	73.5062949600543
103	70.2387506594886
104	69.0119670416716
105	69.9250451101747
106	67.6607671670467
107	64.8273634603851
108	67.1622266296021
109	65.9270462054473
110	68.2115086715981
111	70.6942036000568
112	72.3938345375036
113	76.1616121086823
114	77.4250013952324
115	80.5006526489945
116	79.7798877141803
117	82.372135269724
118	83.0183344343721
119	86.4794824653241
120	84.5476922433474
121	82.7199085332519
122	84.1292248762463
123	87.5020973893201
124	87.1851758503149
125	89.4973109616647
126	92.089745931694
127	92.4563388320271
128	92.5390301053973
129	94.4187602976825
130	98.1972883179571
131	98.1972883179571
132	98.1972883179571
133	98.1972883179571
134	94.3972016084201
135	92.9777250220481
136	93.3942279394068
137	89.7805137575925
138	87.1940915097563
139	89.5170312941127
140	91.0711867189059
141	93.7256413059491
142	93.6822976202923
143	93.0073259866872
144	89.4202921917189
145	87.186768075934
146	85.4019975826905
147	88.0166261096329
148	90.8274138278453
149	93.4107754954526
150	94.3754790605503
151	98.1972883179571
152	98.1972883179571
153	94.3750750847635
154	92.3558897696641
155	92.5759559136245
156	92.6373594515057
157	93.5236250866149
158	89.9238138966514
159	87.4406199675802
160	86.9739514255708
161	83.4434851133593
162	82.6068337383113
163	79.3249868949721
164	77.0635374203999
165	73.2784205868582
166	71.357346701031
167	68.8566176712251
168	68.3322124265417
169	65.212905952965
170	66.9638321851498
171	69.3058402926331
172	73.0476174254782
173	75.3144069652952
174	78.402179907039
175	81.0555951985479
176	83.7854459305314
177	85.0752475849004
178	87.0436249735666
179	90.4031861246317
180	92.3402561343337
181	93.3678559496554
182	94.3690974919924
183	98.1972883179571
184	98.1972883179571
185	98.1972883179571
186	98.1972883179571
187	98.1972883179571
188	98.1972883179571
189	98.1972883179571
190	98.1972883179571
191	94.3965672021687
192	94.0808809037183
193	91.9656597988619
194	92.2419865623783
195	89.7834893543498
196	89.1361242647021
197	86.5125848985288
198	84.6030062846903
199	81.4564438350763
200	80.0034524937006
201	76.5295841710014
202	73.6861575810857
203	69.9199127501998
204	69.3269006343807
205	72.7662411314962
206	74.115132766595
207	76.6568860004515
208	80.0161214687144
209	83.2814702378115
210	86.1868399916039
211	89.2203318181182
212	91.7381300136577
213	94.3960126110398
214	98.1972883179571
215	98.1972883179571
216	98.1972883179571
217	98.1972883179571
218	98.1972883179571
219	98.1972883179571
220	98.1972883179571
221	98.1972883179571
222	98.1972883179571
223	98.1972883179571
224	98.1972883179571
225	94.3924314218308
226	91.0188639086595
227	87.6467549191189
228	84.4790117133686
229	81.1051642252646
230	77.5225632170035
231	74.4951707121397
232	72.142673774656
233	72.0018108266038
234	68.4479650147288
235	66.9007098308445
236	67.4976341668107
237	69.812844021829
238	73.3300647294662
239	76.4716488797265
240	79.0511008645762
241	82.5746853658239
242	83.7098221833979
243	86.6245272817998
244	88.6915604657619
245	90.9073493607367
246	90.256309474011
247	89.3926321066107
248	89.0275265435161
249	87.5955795405948
250	84.7436768697251
251	85.2401506710846
252	82.1324234570253
253	78.9726505320325
254	75.5509456993354
255	71.9797118471999
256	69.7486924650859
257	66.2424743926657
258	64.1157912851095
259	61.9338260177299
260	59.8800673983758
261	59.9441019147305
262	63.4345366288287
263	66.6569200100251
264	70.0097287747827
265	70.0098955155002
266	72.1480834548523
267	70.6291912127886
268	71.0946650869855
269	67.5591953779584
270	66.8047378322129
271	65.8095855436015
272	62.3156277515898
273	59.8501656358053
274	57.7513026333431
275	56.3856472475566
276	55.9092060133645
277	54.8334561302918
278	57.0232512800372
279	60.6180388709551
280	62.6117019802276
281	65.9100438087085
282	63.7661205480426
283	61.7929395118048
284	59.0824444092822
285	55.8048792097217
286	52.3201217860101
287	49.7105082021358
288	47.1060060087412
289	47.0678459192765
290	47.6907864493858
291	50.4458836684601
292	53.2846539040196
293	55.4482413227316
294	58.1533910800508
295	60.9006659507775
296	61.2828094648025
297	63.5416253752287
298	61.2233175412066
299	61.0353239861299
300	57.6256848371973
301	54.3136751349021
302	54.4151205895314
303	52.3891805312344
304	53.2463118991962
305	55.8720274681998
306	54.3337704357808
307	54.8335083858525
308	51.347383024563
309	50.5953394187786
310	47.1073157108006
311	45.1492709657506
312	41.7314578538614
313	38.9377938128569
314	35.3138481687413
315	32.9370847556022
316	30.0602219150072
317	28.1576332788294
318	28.1785653861584
319	27.5757706692971
320	24.617753975859
321	23.7472541138011
322	20.9848279699019
323	20.2860898609959
//
<Attribute:Glycosylation>
//
<Parameter>
0	2
1	0
2	0
3	1
4	2
5	4.6
6	49.6666666666667
7	3.87333333333333
8	38.2
9	0.086
10	96.3112022471039
11	0
//
<Model>
Prior	1.38970588235294
0	132	121	3	67
1	75	28	60	160
2	82	61	53	127
3	78	50	57	138
4	132	121	3	67
5	121	116	14	72
6	77	41	58	147
7	90	24	45	164
8	81	41	54	147
9	58	24	77	164
10	106	55	29	133
11	125	104	10	84
//
