<Attribute:Group>
A	115	117	118	120	121	125	126	127	128	129	131	133	134	136	137	138	139	140	141	142	144	146	148	164	165	252
B	123	124	151	152	153	154	155	156	159	160	161	182	183	184	185	186	188	189	190	192	193	194	195
C	34	35	36	37	38	40	43	44	45	269	270	272	273	275	276	277	282	291	294	296	297	301	302	304	305	307	308	309	310
D	88	94	95	96	97	110	113	114	162	163	167	168	169	170	171	173	178	197	199	203	204	205	208	209	210	211	212	213	214	215	217	219	222	223	224	225	227	234	235	236	238	240	242	244
E	48	50	53	54	66	69	71	72	73	74	80	83	84	86	102	256	257	258	262	263
//
<Attribute:Char>
AA	A	L	R	K	N	M	D	F	C	P	Q	S	E	T	G	W	H	Y	I	V
FASG890101	-0.21	-4.68	2.11	3.88	0.96	-3.66	1.36	-4.65	-6.04	0.75	1.52	1.74	2.30	0.78	0.00	-3.32	-1.23	-1.01	-4.81	-3.50
GRAR740103	31	111	124	119	56	105	54	132	55	32.5	85	32	83	61	3	170	96	136	111	84
ZIMJ680104	6.00	5.98	10.76	9.74	5.41	5.74	2.77	5.48	5.05	6.30	5.65	5.68	3.22	5.66	5.97	5.89	7.59	5.66	6.02	5.96
JANJ780101	27.8	27.6	94.7	103.0	60.1	33.5	60.6	25.5	15.5	51.5	68.7	42.0	68.2	45.0	24.5	34.7	50.7	55.2	22.8	23.7
CHAM820101	0.046	0.186	0.291	0.219	0.134	0.221	0.105	0.290	0.128	0.131	0.180	0.062	0.151	0.108	0.000	0.409	0.230	0.298	0.186	0.140
//
<Attribute:Receptor>
1	0
2	3.4123814952525
3	6.06725008312421
4	9.42776040149491
5	12.3834660393398
6	15.727786000498
7	19.3200203956057
8	21.8712688355133
9	23.6027618969501
10	25.7146812187315
11	28.1546922946406
12	31.3059606179696
13	33.3558637408182
14	35.6405993665495
15	36.1750673873942
16	37.0144759823854
17	37.7492862950337
18	35.7760003086067
19	35.913037494771
20	33.0232469121424
21	33.4979938458214
22	36.4650625375548
23	36.250101980023
24	33.0207858538059
25	31.9869594504103
26	31.2152246245305
27	29.571871523858
28	32.2629821528071
29	35.6997321800835
30	38.4440385222298
31	42.0161657652446
32	43.8893647245527
33	47.4455044222773
34	49.9590597641442
35	51.9878490818813
36	53.2261405562663
37	56.0409342682392
38	57.2120820984531
39	60.7843226883247
40	62.0807251178803
41	63.7213352662826
42	61.4370957787891
43	60.8502489902323
44	58.9729844436955
45	55.856474658019
46	57.4764948052101
47	60.5984617153901
48	63.8794140963177
49	66.5723318014317
50	70.1652821220156
51	71.5958430112543
52	75.2727612266343
53	75.7147946008546
54	79.1467540909095
55	80.2062174398586
56	79.572954947584
57	77.334441324072
58	79.9350220122136
59	82.5227387275407
60	79.4498799726229
61	78.045976828298
62	81.6729813575589
63	82.3826631943636
64	85.2383648714781
65	85.2965595772128
66	84.5922570622039
67	81.561056434104
68	79.550746909874
69	76.5215275030003
70	76.098876414175
71	77.3479172399466
72	73.9284658114259
73	71.1718417624401
74	67.3698292332951
75	65.112125884641
76	65.5366105255243
77	63.0827111787936
78	65.5121647918835
79	69.2667973645198
80	70.5900157073795
81	74.0983906471291
82	75.7130811869853
83	76.4039222739326
84	80.1271855018263
85	81.2086534284002
86	84.4382331682439
87	84.5481483205946
88	84.3926873327172
89	86.1379034563242
90	89.7587319224186
91	90.1050214683767
92	89.419694076051
93	87.936939663732
94	84.5776737214711
95	81.4721936281838
96	79.6651847795898
97	76.0044529210706
98	76.2516961710398
99	73.5454312481798
100	71.1059933180611
101	71.9424359996582
102	71.4767032550367
103	68.1459185997111
104	66.8464168595858
105	68.9216571696172
106	66.4723963083043
107	63.5809075417333
108	65.105782934851
109	64.7432346045661
110	66.5348437497784
111	70.151688103534
112	70.9019890381413
113	74.6623977121155
114	76.2071939775025
115	79.4145293472955
116	80.5372325816646
117	83.7484643405745
118	83.9383626971942
119	86.4460220443888
120	84.2686830575783
121	84.4869394538603
122	87.5202792488511
123	86.4661392197874
124	89.4218772352748
125	90.9594142174445
126	90.8271248625213
127	91.7463318042426
128	88.6442565711831
129	90.2270777881304
130	92.0782968741847
131	95.8955767958043
132	95.8955767958043
133	95.8955767958043
134	95.8955767958043
135	92.0930137128299
136	90.567211098895
137	87.1956810493025
138	84.9403914938571
139	87.213013925315
140	88.8566358953563
141	91.8024475527923
142	91.4845765690983
143	90.5073165942179
144	86.9546541924037
145	85.4342609129911
146	83.1836409872817
147	86.4941736558469
148	90.0280988878783
149	92.0375638357431
150	95.8955767958043
151	95.8955767958043
152	95.8955767958043
153	95.8955767958043
154	95.8955767958043
155	92.0580804765878
156	90.4410774603932
157	90.7982393535704
158	87.4413472034641
159	85.0522883185941
160	85.5742198598196
161	82.5740137493747
162	82.8385453950609
163	80.1237252240959
164	78.405895809577
165	74.6691842148687
166	73.0025436852704
167	70.3453300455281
168	69.5754334451308
169	66.7175729915685
170	67.9668376549122
171	69.7334396124624
172	73.432622804844
173	75.1583225175735
174	78.6856469876964
175	81.0454157865761
176	84.0312643842062
177	84.8902534475332
178	85.2621041739371
179	88.5751294734066
180	90.0189432356782
181	92.1090875247248
182	95.8955767958043
183	95.8955767958043
184	95.8955767958043
185	95.8955767958043
186	95.8955767958043
187	95.8955767958043
188	95.8955767958043
189	95.8955767958043
190	95.8955767958043
191	95.8955767958043
192	95.8955767958043
193	92.0800630689256
194	89.7670423869917
195	87.2106888863376
196	86.7856915056374
197	84.3154736011
198	83.1601012255714
199	80.3191432502201
200	79.4287806897004
201	76.2933086107192
202	73.8405674555206
203	70.0827334808961
204	69.8119715810338
205	73.1814124484196
206	73.3473616779729
207	76.1389837190615
208	78.1295592341784
209	80.7909370450522
210	83.7890706937119
211	86.7373015214964
212	89.7079489789427
213	92.0482631875836
214	95.8955767958043
215	95.8955767958043
216	95.8955767958043
217	95.8955767958043
218	95.8955767958043
219	95.8955767958043
220	95.8955767958043
221	95.8955767958043
222	95.8955767958043
223	95.8955767958043
224	95.8955767958043
225	92.1060627108588
226	88.8311450422943
227	85.9689313906334
228	82.6819033474403
229	79.4257211498067
230	77.7973994842627
231	75.4462234319446
232	72.9422047123827
233	73.3184982203996
234	69.7438161093801
235	69.059929645046
236	68.8109961455524
237	71.1142797554959
238	74.4789947622491
239	77.4914525569278
240	79.0196167045976
241	82.4308690381142
242	83.0985092801584
243	85.2167705891162
244	87.7942963414564
245	90.3404766166896
246	89.1334104269547
247	89.2281403319151
248	89.4770976145652
249	88.9767736478603
250	85.6409235105879
251	85.1527994081824
252	81.5407994028943
253	78.8222123353355
254	75.3307611875865
255	72.2040245461099
256	69.3841950513535
257	65.9543113081867
258	64.1899860427526
259	61.350162859943
260	60.3470917647935
261	59.920973615227
262	63.1772007817048
263	65.5880477477278
264	69.197466488144
265	68.7358262630767
266	71.0690971822949
267	70.5834656037287
268	72.1904002725215
269	69.2163047667552
270	69.0178655093127
271	66.95847104903
272	63.3350892380296
273	61.4164839423083
274	58.5794201207125
275	56.9218373549962
276	55.7408335018919
277	54.316112862271
278	56.2632383459979
279	59.8161164062696
280	61.732080107087
281	65.348368707339
282	63.6400026728717
283	61.3966135360192
284	58.4590010576308
285	55.0892737287535
286	51.708242252974
287	48.734131207273
288	45.8196539885309
289	46.4237534920286
290	46.4129868777331
291	49.2749102733274
292	52.1311121012602
293	54.3446606807534
294	57.3946758582938
295	59.9480900825444
296	59.6804557550015
297	61.8973493714223
298	60.1743379175123
299	59.5993156384895
300	56.2255292157975
301	52.6258738386542
302	53.1413517648205
303	51.1616432106611
304	51.4933539910843
305	53.9981082087882
306	52.7413371083761
307	53.7765523412897
308	50.4384993270536
309	50.0848062500036
310	46.570403222871
311	44.3947581518254
312	40.980609346119
313	37.7714494819254
314	34.1799438816066
315	32.2706560571503
316	29.4237286719557
317	27.3467319769454
318	27.5332890195749
319	27.0298834499881
320	24.3253906775609
//
<Attribute:Glycosylation>
//
<Parameter>
0	2
1	1
2	1
3	1
4	0
5	2.85
6	63.3333333333333
7	2.66666666666667
8	17.8
9	0.106666666666667
10	91.1944525778183
11	0
//
<Model>
Prior	1.77551020408163
0	81	28	16	145
1	57	11	40	162
2	79	67	18	106
3	59	26	38	147
4	66	12	31	161
5	68	22	29	151
6	88	49	9	124
7	71	26	26	147
8	49	5	48	168
9	73	35	24	138
10	49	0	48	173
11	83	48	14	125
//
